2 192 2313
8 8 11 11 11 7 10 10 11 8
1 1
7
6
0 -12.284 9.158 0.0 0.0 0 1000
2 -44.629 -55.64 6.0 11.0 394 503 56 0 0 0 1 1 1 1 0 0 0
3 36.096 64.935 16.0 11.0 243 354 56 0 0 0 0 0 0 1 0 0 0
4 -25.47 44.58 7.0 23.0 123 249 13 0 0 1 1 0 1 0 0 0 0
5 -33.954 -73.059 20.0 16.0 104 225 38 0 1 0 0 0 0 0 0 0 0
6 45.654 35.73 7.0 16.0 467 616 43 0 1 0 0 0 0 0 0 0 0
7 14.954 -36.719 8.0 2.0 198 324 90 1 0 0 0 0 0 1 1 0 1
8 -1.477 47.205 4.0 1.0 240 386 91 1 0 0 0 0 0 0 0 0 0
9 2.155 -40.912 23.0 25.0 193 369 31 0 0 1 0 1 0 1 0 0 1
10 22.992 1.398 4.0 24.0 312 442 56 0 0 0 0 1 0 0 0 0 0
11 -28.857 5.957 5.0 14.0 130 250 30 0 0 0 0 1 0 0 0 1 0
12 -48.12 94.116 15.0 6.0 313 457 84 1 0 0 0 0 1 0 0 0 1
13 7.239 17.322 12.0 20.0 189 301 22 0 1 0 0 0 0 0 0 1 1
14 4.614 27.051 12.0 10.0 308 407 91 0 0 1 0 0 0 0 0 1 0
15 -13.971 28.198 18.0 11.0 380 471 92 0 0 1 1 1 0 0 1 0 0
16 12.946 -11.688 19.0 2.0 472 600 39 1 0 0 0 0 0 0 0 0 1
17 -36.67 23.102 17.0 22.0 227 373 78 0 0 0 0 0 0 0 1 0 0
18 -4.224 -49.31 2.0 2.0 360 472 25 0 1 0 0 0 1 1 1 0 0
19 1.093 -7.135 15.0 12.0 343 462 53 0 0 0 0 0 0 0 0 0 1
20 -56.958 27.905 10.0 9.0 440 556 91 0 0 0 1 0 0 1 0 0 0
21 -80.994 -77.686 3.0 21.0 76 250 70 0 0 0 0 0 0 0 1 0 0
22 72.26 59.027 24.0 10.0 379 516 12 1 0 0 0 0 0 1 1 0 0
23 -21.655 1.636 1.0 13.0 295 454 53 0 0 0 1 1 0 1 1 1 1
24 -20.154 -62.415 22.0 25.0 81 244 57 0 0 0 0 0 0 1 0 1 0
25 -48.157 6.287 22.0 9.0 417 515 3 0 0 0 0 0 0 1 0 0 1
26 -5.078 61.597 17.0 19.0 75 200 48 0 0 0 0 1 0 0 1 0 0
27 17.145 -47.046 7.0 22.0 447 548 29 0 0 0 1 0 0 0 0 0 0
28 -16.064 8.557 11.0 4.0 120 233 19 0 0 0 0 1 0 0 0 0 0
29 6.683 -27.069 4.0 4.0 77 224 55 0 0 1 1 0 0 1 0 1 0
30 15.027 -34.979 15.0 7.0 172 330 4 0 0 0 0 0 0 1 0 0 0
31 37.946 73.914 15.0 20.0 140 312 20 0 0 1 0 0 0 1 0 1 0
32 -41.199 -43.018 9.0 17.0 71 216 54 0 0 0 0 0 0 1 0 0 0
33 32.538 11.786 15.0 19.0 147 258 11 0 1 0 0 0 0 0 0 1 0
34 -20.306 -20.239 1.0 12.0 412 548 50 0 0 0 1 0 1 0 0 0 1
35 -35.48 19.135 13.0 2.0 156 315 78 0 1 0 0 0 0 0 0 0 0
36 58.038 56.659 17.0 13.0 107 249 63 0 1 0 0 0 0 1 0 0 0
37 -36.694 -6.256 17.0 24.0 268 438 94 0 0 0 1 0 0 1 0 0 0
38 0.446 -46.735 25.0 22.0 251 423 73 0 0 0 0 1 0 0 0 0 1
39 -19.69 38.977 5.0 17.0 128 283 10 1 0 0 0 0 0 0 0 1 0
40 -47.339 20.911 25.0 19.0 144 268 56 0 0 0 0 0 0 0 0 0 1
41 -79.236 -57.678 2.0 4.0 120 228 85 0 0 1 1 0 0 0 0 0 0
42 5.597 -34.076 9.0 12.0 114 284 1 0 0 1 0 0 0 0 0 0 0
43 34.454 -8.289 7.0 22.0 327 441 61 0 0 0 1 0 0 0 0 0 0
44 18.5 -51.154 5.0 2.0 349 482 14 0 0 1 0 1 0 0 0 1 0
45 -4.346 -44.525 3.0 19.0 229 357 28 0 1 0 1 0 0 0 0 0 0
46 -14.148 -74.164 17.0 3.0 308 415 94 0 0 0 0 0 0 1 0 0 0
47 19.867 77.515 12.0 5.0 226 353 49 0 0 1 0 0 0 0 0 0 0
48 -50.079 17.871 21.0 22.0 115 225 34 0 0 1 0 0 0 1 1 0 1
49 42.786 -79.883 18.0 6.0 408 526 11 1 0 0 0 0 0 0 1 1 0
50 1.52 -29.034 8.0 9.0 73 198 50 0 1 0 0 0 0 1 0 0 0
51 14.728 -3.436 14.0 8.0 180 315 70 0 1 0 0 0 0 0 0 0 0
52 -26.166 -48.999 22.0 24.0 146 256 48 0 0 0 0 0 0 0 1 0 0
53 -63.873 -5.273 16.0 15.0 461 556 45 0 0 0 0 1 0 0 0 0 1
54 -54.138 7.086 21.0 16.0 165 328 38 1 0 0 0 0 0 0 0 1 0
55 17.932 -34.094 7.0 9.0 310 400 93 0 0 0 0 1 1 0 1 1 0
56 -98.706 34.552 12.0 1.0 70 229 23 0 0 0 0 1 1 0 0 0 0
57 28.802 -8.582 2.0 18.0 196 363 38 0 0 0 0 0 0 0 0 0 1
58 2.716 90.594 5.0 17.0 127 244 96 0 0 1 1 0 0 0 0 0 1
59 -31.024 48.938 3.0 18.0 394 490 50 0 0 0 0 0 1 1 0 0 0
60 -46.545 42.316 11.0 2.0 412 589 44 0 1 0 0 1 1 0 0 1 0
61 27.289 58.179 2.0 25.0 444 584 18 0 1 0 0 0 0 0 0 0 0
62 28.815 -28.027 7.0 21.0 346 514 62 0 0 0 0 0 1 0 1 0 0
63 -26.099 11.328 20.0 19.0 326 428 72 0 0 0 0 0 0 1 1 0 1
64 0.537 -26.221 7.0 10.0 106 280 23 0 1 0 0 0 0 0 1 0 0
65 -50.458 7.812 11.0 2.0 453 546 59 0 0 0 0 0 0 0 0 1 1
66 30.005 19.092 24.0 21.0 478 589 75 0 0 1 1 1 0 0 1 1 0
67 -12.604 22.058 15.0 20.0 324 430 64 0 0 0 0 0 0 0 0 1 0
68 22.009 -8.636 5.0 21.0 465 615 20 0 0 0 1 0 0 0 0 0 1
69 8.942 2.875 25.0 2.0 476 613 77 0 0 0 0 0 1 0 0 0 1
70 -19.812 0.922 12.0 6.0 139 247 43 0 0 0 0 0 0 1 0 0 0
71 -4.23 31.25 22.0 2.0 444 538 74 0 0 0 0 0 0 0 1 0 0
72 17.975 -0.409 11.0 12.0 65 237 24 0 1 0 0 1 1 0 0 0 0
73 -2.35 42.938 16.0 12.0 317 479 14 0 0 0 0 0 1 1 0 0 0
74 -16.516 68.085 10.0 5.0 167 344 54 0 0 0 1 0 0 0 0 1 0
75 -1.19 42.023 3.0 5.0 260 397 74 1 0 0 1 1 1 0 0 0 0
76 56.635 -44.019 10.0 8.0 289 460 83 0 0 1 1 1 0 1 0 0 0
77 57.483 35.504 17.0 15.0 144 256 13 0 0 0 1 0 0 0 0 1 0
78 -26.099 7.477 2.0 8.0 270 383 73 0 0 0 0 0 0 0 0 0 1
79 7.489 -57.239 21.0 7.0 377 501 11 0 0 1 0 0 0 0 1 1 1
80 -22.095 55.78 16.0 14.0 112 285 26 0 0 0 0 0 0 0 0 1 0
81 19.867 38.824 6.0 18.0 185 343 55 0 1 0 0 1 0 0 0 0 0
82 5.31 49.219 12.0 17.0 176 297 21 0 0 0 0 0 0 1 1 0 0
83 15.155 6.299 23.0 5.0 324 429 82 0 0 0 0 0 0 1 0 0 0
84 5.481 -31.5 23.0 6.0 273 435 21 0 1 0 0 0 0 1 0 0 0
85 7.959 -28.662 18.0 9.0 172 315 60 1 0 0 0 1 0 0 0 0 0
86 -75.812 4.01 18.0 24.0 123 302 25 0 1 1 0 1 0 1 0 0 0
87 -43.671 -61.646 14.0 13.0 381 475 14 1 0 0 0 1 0 1 0 0 0
88 -2.576 -62.14 2.0 5.0 477 586 71 0 0 0 0 0 0 0 0 0 1
89 -18.842 -36.884 11.0 4.0 196 287 80 1 0 0 0 0 0 1 1 0 0
90 20.844 21.167 24.0 22.0 222 327 86 0 0 0 0 0 1 0 0 1 0
91 3.137 -19.22 14.0 24.0 207 330 23 0 0 0 0 0 0 0 1 0 1
92 -20.361 18.878 3.0 25.0 104 275 83 0 0 0 0 0 0 0 0 1 0
93 -0.897 -54.938 21.0 9.0 468 638 92 0 0 0 0 0 0 0 0 0 1
94 -29.553 9.277 8.0 8.0 417 574 52 0 0 0 1 0 0 0 0 0 0
95 5.048 -35.046 19.0 8.0 146 251 9 0 0 0 0 1 0 0 0 0 1
96 27.759 48.712 7.0 25.0 345 508 79 0 0 0 0 1 1 1 0 0 0
97 12.079 -42.346 19.0 7.0 386 483 0 0 0 0 1 1 0 1 0 0 0
98 -51.27 41.144 23.0 24.0 173 265 52 0 1 0 0 1 1 0 0 0 0
99 -29.077 4.291 8.0 16.0 167 305 79 0 0 0 0 0 0 0 0 1 0
100 -18.555 -14.819 18.0 15.0 188 279 88 0 1 1 0 1 0 1 0 0 0
101 7.855 -49.451 7.0 7.0 289 449 91 0 1 0 0 0 0 0 0 0 0
102 -19.116 -32.086 1.0 17.0 423 522 41 1 0 0 1 0 0 0 1 0 0
103 17.651 -52.271 9.0 9.0 222 391 69 0 1 0 0 0 1 0 0 0 0
104 16.907 -62.964 5.0 14.0 121 258 12 0 0 0 0 0 0 0 1 0 1
105 18.988 6.219 23.0 20.0 425 578 28 0 0 0 0 1 0 0 0 0 0
106 -68.878 -64.539 18.0 6.0 212 318 15 0 0 1 1 0 0 1 0 1 0
107 -13.361 20.264 5.0 17.0 345 438 24 0 0 0 0 0 0 1 0 0 0
108 -44.44 63.721 17.0 23.0 124 222 28 0 0 0 0 0 0 0 0 0 1
109 -6.5 71.436 9.0 14.0 75 176 55 0 0 0 0 1 1 0 0 0 0
110 -51.978 25.409 19.0 19.0 221 378 30 0 1 1 1 0 0 0 0 0 0
111 -0.739 59.491 20.0 21.0 68 181 65 0 0 1 0 0 0 0 1 0 0
112 -64.679 83.038 1.0 6.0 322 476 38 0 0 0 0 1 1 0 0 1 0
113 -11.273 -35.944 18.0 1.0 197 359 70 0 0 1 0 0 1 1 0 0 0
114 -16.864 7.776 15.0 22.0 147 282 89 1 0 1 0 1 1 0 0 1 0
115 19.843 -49.805 10.0 7.0 88 187 77 0 0 0 0 0 0 0 0 0 1
116 -16.284 -2.936 8.0 14.0 128 230 72 0 0 0 1 0 1 0 1 0 0
117 8.356 67.041 14.0 7.0 347 512 14 1 0 0 0 0 0 0 0 0 0
118 30.878 24.316 15.0 25.0 439 563 31 0 0 0 0 0 0 0 0 0 1
119 93.524 -20.233 17.0 17.0 318 423 96 0 0 0 0 1 0 0 0 0 1
120 -9.332 -56.177 9.0 10.0 477 585 68 0 0 0 1 1 0 0 1 0 0
121 -34.442 -63.312 13.0 23.0 375 490 75 0 0 0 0 0 0 0 0 1 0
122 20.941 -5.646 18.0 22.0 414 526 56 0 0 0 0 0 0 0 0 0 1
123 -3.418 89.594 20.0 3.0 196 349 16 0 1 0 0 1 1 0 0 0 0
124 -18.738 45.227 8.0 14.0 342 435 51 1 1 0 0 0 0 0 0 1 0
125 2.435 -30.524 2.0 14.0 184 345 47 1 1 0 0 0 0 0 0 1 0
126 -28.864 56.616 7.0 2.0 308 451 92 0 0 1 0 0 0 1 0 0 0
127 76.88 -29.901 6.0 2.0 409 510 49 0 0 0 0 1 0 0 0 0 1
128 -90.466 10.278 12.0 21.0 123 228 61 0 0 0 1 0 0 1 0 0 0
129 -35.101 46.545 12.0 10.0 479 655 82 0 0 0 0 0 0 1 0 0 0
130 -48.395 43.854 25.0 10.0 131 222 41 0 0 0 1 0 0 0 0 0 0
131 -40.997 26.703 6.0 5.0 152 277 79 0 1 0 0 0 1 0 1 1 0
132 13.696 34.607 5.0 9.0 158 291 90 0 0 0 0 0 0 0 1 0 1
133 -71.472 11.45 20.0 15.0 322 474 20 0 1 0 0 0 0 1 0 0 0
134 -36.23 51.904 2.0 19.0 345 496 11 0 1 1 1 1 0 0 1 0 0
135 -39.465 4.907 25.0 7.0 429 539 76 0 0 1 1 1 0 0 0 1 0
136 -16.565 23.773 7.0 11.0 226 318 39 0 0 0 1 1 0 0 0 0 0
137 10.754 -28.552 6.0 2.0 296 421 63 0 0 0 0 0 1 0 0 0 0
138 -23.029 47.015 21.0 25.0 197 338 65 0 0 0 0 1 0 0 0 0 0
139 -8.807 21.216 19.0 14.0 369 480 81 1 0 1 0 1 0 0 0 0 0
140 -40.039 27.435 22.0 15.0 473 633 56 0 0 0 0 0 0 1 0 0 0
141 -37.445 -41.04 8.0 12.0 372 548 13 0 0 0 1 0 0 0 1 1 1
142 48.224 0.085 19.0 11.0 401 545 80 1 1 1 0 0 1 0 0 0 0
143 -0.323 68.237 6.0 17.0 424 599 80 0 0 0 0 0 0 0 1 0 0
144 -14.294 -33.423 24.0 4.0 393 504 71 0 0 0 1 0 1 1 0 0 0
145 -1.44 -34.814 15.0 24.0 453 614 35 0 1 0 0 0 0 1 1 0 0
146 -34.454 42.346 25.0 8.0 92 249 63 0 1 0 0 0 1 0 0 1 0
147 8.679 -66.18 6.0 20.0 254 402 48 0 0 0 0 0 0 0 0 1 1
148 -61.249 -51.367 21.0 12.0 66 230 47 1 0 1 0 1 1 0 0 1 0
149 -1.093 9.912 4.0 10.0 233 372 36 0 0 0 0 0 0 0 0 1 0
150 -16.565 66.547 10.0 12.0 249 411 78 0 0 1 0 0 0 0 0 1 0
151 8.435 52.838 16.0 9.0 144 243 4 0 0 0 0 0 0 1 0 0 1
152 -22.034 -36.896 12.0 16.0 295 409 30 0 0 0 0 1 0 0 0 0 0
153 15.765 17.322 13.0 23.0 478 647 21 0 0 1 0 0 1 0 0 0 0
154 9.003 -18.695 2.0 15.0 128 246 0 0 0 0 0 0 0 0 0 1 0
155 -4.584 3.491 3.0 10.0 463 576 1 1 0 0 0 0 0 0 0 0 0
156 8.875 40.662 10.0 21.0 379 545 97 0 1 1 0 0 0 0 0 0 1
157 26.093 -33.966 18.0 2.0 257 429 61 0 0 0 1 0 0 0 0 0 0
158 -32.501 39.526 18.0 16.0 154 252 76 0 0 0 0 0 0 1 0 0 0
159 -32.629 -82.581 11.0 15.0 456 603 31 0 0 0 0 0 0 1 0 1 0
160 -98.486 22.021 7.0 11.0 242 370 77 1 0 0 0 0 1 0 0 0 0
161 -59.052 4.163 18.0 11.0 217 375 4 0 1 0 0 0 0 0 0 0 1
162 7.428 -2.57 15.0 17.0 353 519 45 1 0 0 0 0 0 0 0 0 0
163 -59.601 12.469 5.0 3.0 118 281 12 0 0 0 0 1 0 0 0 0 1
164 -11.224 -31.83 20.0 9.0 207 334 63 0 0 0 0 0 1 0 0 0 1
165 -16.809 -35.04 9.0 1.0 137 298 56 0 0 0 0 1 0 0 0 0 0
166 21.863 18.14 22.0 13.0 195 332 57 0 0 0 0 0 0 0 1 0 0
167 45.038 -61.316 13.0 1.0 142 283 94 0 0 0 0 0 0 0 0 1 0
168 -48.816 25.568 24.0 2.0 78 230 41 0 1 1 0 1 1 1 0 0 0
169 -32.184 -16.736 4.0 22.0 411 574 57 0 0 0 0 0 1 0 0 0 0
170 12.439 -41.492 16.0 10.0 284 430 16 1 0 0 1 0 0 0 0 0 0
171 -21.082 -77.075 16.0 4.0 327 422 71 0 0 0 0 0 0 1 0 0 0
172 -17.822 -18.518 14.0 9.0 64 173 13 0 0 0 1 0 0 0 0 1 0
173 48.334 93.518 14.0 11.0 335 439 0 0 1 0 0 0 1 0 0 0 0
174 -18.677 49.005 25.0 3.0 418 535 10 0 0 1 1 0 0 1 0 0 1
175 12.14 30.042 23.0 19.0 259 422 31 0 0 1 0 0 0 0 1 0 1
176 3.113 -40.302 23.0 19.0 183 334 67 1 0 0 0 0 0 0 0 0 0
177 17.133 37.079 4.0 4.0 331 471 19 0 0 1 1 0 0 0 1 0 0
178 22.577 0.836 17.0 19.0 329 460 38 1 0 0 0 0 0 1 0 0 0
179 -30.426 52.942 12.0 15.0 138 281 73 0 0 1 1 0 1 0 0 1 0
180 33.765 -67.108 11.0 21.0 236 414 95 0 1 0 0 0 0 0 0 0 0
181 5.414 1.532 24.0 25.0 130 223 83 0 0 1 0 0 1 0 0 1 0
182 72.156 30.103 22.0 4.0 159 302 96 0 0 0 0 1 0 0 0 1 0
183 -24.109 -34.625 10.0 3.0 91 190 9 0 0 0 0 0 1 1 0 1 0
184 17.413 75.146 10.0 6.0 368 501 29 0 0 0 0 0 0 0 0 0 1
185 10.638 -60.052 10.0 6.0 462 597 70 0 0 0 0 0 0 0 1 0 0
186 -5.176 -48.999 5.0 21.0 259 404 58 0 0 0 0 0 0 0 1 0 0
187 -19.342 21.118 13.0 25.0 479 633 34 0 0 1 1 0 0 0 1 0 0
188 -46.802 -14.661 18.0 10.0 99 218 69 0 1 0 0 0 0 0 0 0 0
189 -16.779 43.439 25.0 25.0 302 429 81 0 0 0 1 0 0 1 1 1 0
190 14.093 -13.605 12.0 19.0 298 429 63 0 0 0 0 0 0 0 1 0 0
191 -21.063 26.019 18.0 19.0 255 419 16 0 0 0 1 0 0 1 0 0 0
192 39.813 -40.668 9.0 22.0 455 588 43 1 0 0 0 0 0 0 0 0 0
193 52.057 30.334 23.0 5.0 134 231 54 1 0 0 0 0 0 0 0 1 0