4 72 2855
13 14 12 13 18 12 14 12 10 5
1 2 4 2
3
4 2
5 8 5 4
6 1
0 10.629 9.326 0.0 0.0 0 1000
2 -92.7 -59.18 8.0 20.0 397 571 38 0 0 0 0 0 0 0 0 1 1
3 71.179 12.543 15.0 6.0 110 249 80 0 0 1 1 1 0 0 1 0 1
4 31.537 66.638 20.0 19.0 301 449 20 0 0 0 0 0 0 1 0 0 0
5 -4.694 25.537 7.0 10.0 209 306 96 0 0 0 0 1 1 0 0 0 0
6 -30.194 67.773 13.0 18.0 223 383 73 0 0 0 0 0 0 1 0 0 1
7 12.677 -57.471 6.0 1.0 286 425 77 0 0 0 1 0 0 0 0 0 0
8 -32.355 -20.966 5.0 15.0 106 207 71 0 0 0 1 0 1 0 0 0 0
9 19.91 48.975 1.0 23.0 426 574 98 0 0 0 0 0 1 0 0 1 0
10 13.202 -19.135 12.0 13.0 147 321 4 0 1 0 0 1 1 0 0 0 0
11 54.877 -41.168 18.0 12.0 296 398 32 0 0 0 0 1 0 0 1 1 0
12 15.063 -25.171 25.0 7.0 247 409 10 0 0 0 0 0 0 0 0 1 0
13 -50.598 -16.418 14.0 25.0 77 205 87 1 0 0 0 0 0 1 0 0 0
14 -29.73 17.078 18.0 5.0 370 504 70 0 1 0 0 0 0 0 0 0 0
15 17.542 1.575 13.0 1.0 269 380 88 0 0 0 0 0 1 0 1 0 0
16 11.127 77.216 6.0 25.0 402 546 16 0 0 0 0 1 0 1 0 0 0
17 33.752 71.259 14.0 10.0 81 241 14 0 0 0 0 0 1 0 0 1 0
18 -56.012 -10.394 10.0 2.0 370 486 16 0 0 0 0 0 0 1 0 1 0
19 57.874 -16.29 18.0 7.0 237 348 61 0 0 0 0 0 1 0 0 0 0
20 10.718 -18.787 8.0 11.0 455 604 89 0 1 0 1 0 0 0 0 0 1
21 53.088 -18.75 6.0 4.0 244 357 45 0 0 0 0 0 0 0 1 0 0
22 1.569 7.532 2.0 6.0 385 484 32 1 1 1 0 0 0 0 0 0 0
23 31.531 48.944 4.0 15.0 146 261 48 0 0 1 1 0 0 0 0 1 0
24 -66.833 -37.854 4.0 7.0 175 303 10 0 1 0 0 1 0 0 0 0 0
25 -70.74 62.244 23.0 8.0 191 299 46 0 1 0 0 1 0 1 0 1 0
26 32.538 23.096 12.0 10.0 120 269 72 0 1 1 0 0 1 1 0 0 0
27 -51.453 -36.444 24.0 9.0 435 561 72 0 0 1 0 1 0 0 0 0 0
28 36.456 -22.638 17.0 4.0 311 463 75 0 1 0 0 1 0 1 1 0 0
29 -31.207 43.494 18.0 6.0 442 571 48 0 0 0 0 1 0 0 1 0 0
30 -10.388 34.491 25.0 22.0 129 271 88 1 0 0 0 0 0 0 0 0 0
31 14.722 -10.834 22.0 17.0 256 399 25 1 1 0 0 0 0 1 1 1 0
32 47.095 -21.387 10.0 9.0 60 191 69 0 1 0 0 0 0 1 0 1 0
33 43.781 34.766 25.0 25.0 291 438 70 0 0 0 0 0 1 0 1 0 0
34 53.546 -67.487 21.0 10.0 418 529 62 0 0 0 0 0 1 0 0 0 0
35 26.801 46.515 21.0 18.0 472 622 48 0 0 0 0 0 1 0 0 0 0
36 63.385 11.981 16.0 21.0 161 312 37 1 0 1 0 0 0 0 0 0 0
37 47.192 -5.475 23.0 10.0 466 624 4 0 0 0 1 0 0 0 1 1 1
38 -16.315 -11.267 21.0 23.0 462 584 47 0 0 1 0 0 1 0 0 0 0
39 78.9 17.651 15.0 23.0 92 188 55 0 0 0 0 0 0 0 0 1 0
40 79.822 22.272 7.0 11.0 259 426 72 0 0 1 1 1 0 0 0 0 0
41 12.878 16.919 20.0 1.0 477 585 30 0 0 0 1 0 0 0 0 0 0
42 -67.981 -3.754 6.0 23.0 217 369 62 0 1 1 0 0 1 0 0 0 0
43 9.198 -18.597 16.0 16.0 423 556 43 0 0 0 0 0 1 0 0 0 0
44 -35.95 -19.141 10.0 10.0 210 351 98 0 0 0 0 0 1 0 0 0 0
45 28.766 45.276 7.0 12.0 330 500 23 0 0 0 1 0 0 0 0 0 0
46 11.469 68.231 20.0 12.0 461 578 96 1 1 0 1 1 0 1 0 0 0
47 -22.76 45.496 9.0 3.0 141 267 92 0 0 0 0 1 0 0 1 0 0
48 -65.674 -23.12 12.0 22.0 282 448 46 0 0 1 0 0 0 0 1 0 0
49 7.239 1.599 10.0 21.0 299 416 74 0 0 0 1 0 0 0 0 1 0
50 -29.785 -11.285 19.0 13.0 335 426 50 0 0 0 0 0 1 0 0 0 0
51 -89.05 16.211 6.0 15.0 176 311 24 1 0 0 0 0 0 1 0 0 0
52 -46.887 -3.363 14.0 13.0 257 379 68 1 0 0 1 1 0 1 0 0 0
53 -14.972 30.621 23.0 20.0 425 534 15 0 0 1 0 0 0 1 1 0 0
54 -17.035 49.774 8.0 10.0 99 234 36 0 0 0 0 0 1 0 0 0 0
55 31.635 53.619 10.0 25.0 360 535 24 0 0 0 0 0 1 0 1 0 0
56 -3.577 13.342 14.0 7.0 363 510 58 0 0 0 0 0 1 0 0 0 0
57 33.008 58.96 3.0 15.0 186 320 41 0 1 0 0 1 1 0 0 0 0
58 -92.95 63.263 25.0 2.0 253 379 93 1 0 0 0 0 0 1 0 1 0
59 -9.137 -22.931 21.0 23.0 428 565 24 1 0 0 0 0 0 1 0 0 0
60 -39.96 6.195 5.0 5.0 275 451 69 0 0 0 0 0 1 0 0 0 0
61 28.43 -19.214 2.0 25.0 414 564 36 1 0 0 0 0 0 0 0 0 0
62 -28.54 -3.485 3.0 9.0 402 511 25 0 0 0 0 1 0 1 0 0 0
63 31.415 36.859 21.0 2.0 337 486 6 0 0 0 0 0 0 1 0 0 1
64 -49.426 60.602 1.0 24.0 359 476 12 0 0 0 0 0 0 1 0 0 0
65 -72.827 -27.765 25.0 13.0 338 461 44 1 1 1 0 0 0 0 1 0 0
66 60.083 -45.905 21.0 20.0 375 476 47 1 0 1 0 0 0 0 1 0 0
67 10.87 -3.9 21.0 13.0 324 445 63 0 1 0 0 0 0 0 0 1 0
68 25.122 7.672 25.0 15.0 147 242 19 1 1 0 0 0 0 0 0 0 0
69 -46.997 -17.474 14.0 4.0 234 386 61 0 1 0 1 1 0 0 0 0 0
70 16.058 33.02 20.0 20.0 244 397 90 0 0 0 0 1 0 0 0 0 0
71 25.409 -11.7 14.0 8.0 282 453 82 0 0 0 1 1 0 0 0 0 0
72 68.323 -5.145 11.0 19.0 324 473 53 1 1 0 0 1 0 0 0 0 0
73 -13.104 62.158 25.0 20.0 465 592 89 0 0 0 0 1 0 0 1 0 1