4 48 2059
4 12 9 9 8 7 12 6 11 14
2 4 1 4
9 6
7 1 9 9
5
9 6 1 2
0 -10.442 19.999 0.0 0.0 0 1000
2 -29.73 64.136 2.0 12.0 354 509 75 1 0 0 1 0 0 1 1 0 0
3 -30.664 5.463 7.0 8.0 234 401 46 0 1 1 0 0 0 1 1 1 0
4 51.642 5.469 21.0 16.0 411 573 65 0 1 0 0 0 0 0 1 1 0
5 -13.171 69.336 24.0 5.0 474 622 77 0 0 0 0 0 0 1 0 0 0
6 -67.413 68.323 1.0 12.0 155 295 99 0 1 0 1 0 0 1 1 0 1
7 48.907 6.274 17.0 5.0 361 509 2 0 0 1 0 0 0 0 0 0 0
8 5.243 22.26 6.0 13.0 451 629 53 0 0 0 1 0 0 0 0 0 0
9 -65.002 77.234 5.0 20.0 425 588 49 0 0 1 0 1 1 0 0 0 1
10 -4.175 -1.569 7.0 13.0 72 199 77 1 0 0 0 1 0 1 0 0 1
11 23.029 11.639 1.0 18.0 157 318 1 0 0 1 0 0 0 1 0 0 1
12 25.482 6.287 4.0 7.0 296 444 3 0 0 0 0 0 0 0 0 0 1
13 -42.615 -26.392 10.0 6.0 111 249 43 0 0 0 0 0 0 1 0 1 0
14 -76.672 99.341 2.0 9.0 368 528 28 0 1 0 0 0 0 0 0 0 0
15 -20.673 57.892 16.0 9.0 98 251 17 0 0 0 0 1 0 0 0 0 0
16 -52.039 6.567 23.0 4.0 96 208 20 0 0 0 0 0 0 1 0 0 0
17 -41.376 50.824 18.0 25.0 382 535 22 0 0 0 0 0 1 0 0 0 0
18 -91.943 27.588 3.0 5.0 436 580 83 0 0 0 0 0 0 0 0 0 1
19 -65.118 30.212 15.0 17.0 405 528 86 0 1 1 1 0 0 0 0 0 0
20 18.597 96.716 13.0 3.0 255 414 70 0 0 0 0 0 1 0 0 0 0
21 -40.942 83.209 10.0 16.0 293 470 84 0 0 1 0 0 1 0 0 0 0
22 -37.756 -33.325 4.0 25.0 298 408 11 0 0 0 0 0 1 0 0 0 0
23 23.767 29.083 23.0 21.0 479 607 9 0 0 0 0 0 0 1 1 0 0
24 -43.03 20.453 20.0 14.0 376 536 56 0 0 1 0 1 0 0 0 0 1
25 -35.297 -24.896 10.0 19.0 91 238 26 0 0 0 1 0 1 0 0 0 0
26 -54.755 14.368 4.0 14.0 360 505 73 0 0 0 0 0 1 0 0 0 0
27 -49.329 33.374 2.0 6.0 379 528 49 0 1 0 0 0 0 0 0 0 1
28 57.404 23.822 23.0 16.0 258 428 35 0 0 0 0 0 1 0 0 0 0
29 -22.754 55.408 6.0 9.0 352 509 64 0 0 0 0 0 1 1 0 0 0
30 -56.622 73.34 8.0 20.0 288 380 90 0 1 0 0 0 0 0 0 0 1
31 -38.562 -3.705 10.0 13.0 159 324 0 0 0 0 0 0 0 0 1 0 1
32 -16.779 19.537 7.0 10.0 423 564 17 1 0 0 0 1 0 0 0 0 1
33 -11.56 11.615 1.0 16.0 238 387 17 1 1 1 0 1 0 0 0 1 0
34 -46.545 97.974 21.0 19.0 339 429 24 0 0 0 0 1 0 0 0 0 0
35 16.229 9.32 6.0 22.0 397 572 44 0 0 0 0 0 0 1 0 0 0
36 1.294 7.349 4.0 14.0 479 599 28 0 0 0 0 0 0 0 0 1 0
37 -26.404 29.529 13.0 10.0 315 492 8 0 1 0 1 0 1 0 0 1 0
38 4.352 14.685 9.0 11.0 132 290 13 0 0 0 0 0 1 0 0 0 0
39 -50.665 -23.126 22.0 15.0 161 326 99 0 0 0 1 0 0 0 0 1 1
40 -22.833 -9.814 22.0 13.0 387 508 62 0 0 0 1 0 0 0 0 0 0
41 -71.1 -18.616 18.0 15.0 284 446 54 0 0 1 0 0 0 0 0 1 0
42 -7.849 32.074 10.0 8.0 296 471 18 0 0 0 1 0 0 1 0 0 1
43 11.877 -24.933 25.0 22.0 381 482 36 0 1 0 0 1 0 0 0 0 0
44 -18.927 -23.73 23.0 24.0 401 522 56 0 0 1 0 0 0 0 0 0 0
45 -11.92 11.755 4.0 3.0 432 564 61 0 1 0 0 0 0 0 0 1 0
46 29.84 11.633 9.0 25.0 289 450 77 0 0 0 0 0 0 0 0 1 1
47 12.268 -55.811 17.0 19.0 451 597 39 0 0 0 0 0 1 0 0 0 0
48 -37.933 -21.613 10.0 21.0 123 302 54 0 0 0 0 0 0 0 0 1 0
49 42.883 -2.966 17.0 10.0 98 233 94 0 1 0 0 0 0 0 0 0 1