1 144 1063
3 5 4 4 1 2 5 4 3 6
3
7 3 7
0 -18.391 1.121 0.0 0.0 0 1000
2 -55.28 -24.371 25.0 9.0 392 514 73 0 0 1 0 0 1 0 0 0 0
3 -48.297 53.314 13.0 22.0 310 452 2 0 1 0 0 0 1 0 0 0 0
4 -49.072 -38.489 20.0 10.0 453 612 29 1 0 0 0 0 0 1 0 0 0
5 25.311 -18.561 16.0 24.0 472 605 16 0 1 0 0 0 0 0 1 1 0
6 -24.469 -3.815 4.0 25.0 169 267 99 0 0 0 0 0 0 0 0 0 1
7 24.591 -17.896 2.0 6.0 154 274 35 0 1 0 0 0 0 0 0 0 0
8 -10.419 60.364 7.0 22.0 97 266 98 1 0 0 0 0 0 0 0 0 1
9 38.177 -35.175 15.0 1.0 286 386 62 0 0 0 0 1 1 0 0 0 0
10 -68.28 93.073 10.0 19.0 185 293 69 1 0 0 0 0 0 0 0 1 0
11 -30.792 -57.336 4.0 19.0 467 596 85 0 1 0 0 0 1 0 1 0 1
12 -37.061 -12.122 19.0 5.0 346 436 68 0 1 0 0 0 1 1 0 0 1
13 -15.741 -47.638 10.0 9.0 455 604 31 0 1 1 0 0 0 0 0 1 1
14 -63.379 -22.919 15.0 8.0 277 404 46 0 0 0 0 0 1 0 0 1 0
15 -43.109 -43.439 4.0 14.0 436 562 21 0 1 0 0 0 0 1 0 1 1
16 -25.623 13.599 17.0 4.0 88 208 26 1 0 0 0 0 0 0 0 1 0
17 -2.625 16.632 4.0 7.0 301 440 42 0 0 0 0 0 0 0 1 0 1
18 -41.577 -28.497 3.0 10.0 144 253 85 0 0 0 0 0 1 0 0 0 0
19 2.081 12.885 9.0 22.0 396 519 90 0 1 0 1 0 0 0 0 0 0
20 3.925 -47.845 25.0 17.0 433 533 16 0 0 0 0 0 0 0 0 1 0
21 -83.295 26.324 14.0 10.0 203 363 80 1 0 0 1 0 0 1 0 0 0
22 -6.458 26.355 23.0 8.0 376 486 59 0 1 0 0 0 0 1 0 0 1
23 3.29 6.732 7.0 14.0 370 506 19 0 0 1 0 0 0 0 0 0 0
24 -34.869 30.426 7.0 12.0 244 335 21 0 0 0 0 0 1 0 0 0 0
25 15.546 -36.273 1.0 17.0 320 413 93 0 0 0 1 0 0 0 0 0 0
26 12.842 5.127 10.0 19.0 473 631 59 0 1 0 0 0 0 1 0 1 0
27 -48.45 -24.426 15.0 25.0 242 420 52 0 0 0 0 0 0 1 0 0 0
28 -88.538 -10.461 1.0 25.0 445 539 3 0 0 0 0 1 0 0 0 1 0
29 -29.773 0.995 2.0 6.0 105 217 20 0 0 0 1 1 0 0 0 1 0
30 9.827 38.416 9.0 21.0 193 359 27 0 0 1 0 1 1 0 0 1 0
31 1.41 92.938 10.0 3.0 292 388 21 1 0 1 0 1 0 1 0 1 0
32 -79.303 15.381 2.0 19.0 287 439 15 0 0 0 0 0 0 0 0 1 0
33 -30.652 40.063 23.0 16.0 285 422 35 0 0 0 0 1 0 0 0 0 0
34 18.927 21.637 15.0 21.0 409 557 59 0 1 0 0 0 0 0 1 0 0
35 45.087 -59.906 13.0 17.0 417 580 79 0 0 0 0 0 0 0 1 0 0
36 -34.949 -3.815 16.0 19.0 290 428 75 0 0 1 0 0 0 1 0 0 0
37 81.201 -74.744 21.0 6.0 169 299 15 0 0 0 0 0 0 0 0 0 1
38 15.594 -28.455 1.0 10.0 145 251 70 0 0 1 0 0 0 0 0 0 0
39 -72.192 29.547 18.0 22.0 147 241 5 0 1 0 0 0 0 0 1 0 1
40 -42.914 -22.675 17.0 17.0 87 189 62 0 0 0 0 1 0 0 0 0 0
41 -76.392 -57.489 13.0 16.0 362 516 36 0 0 0 0 0 0 1 0 0 0
42 -28.54 12.073 5.0 5.0 273 407 65 0 0 0 0 0 1 1 0 0 0
43 -61.389 26.526 23.0 1.0 279 429 48 0 0 1 0 1 0 0 0 0 0
44 -8.472 12.616 20.0 21.0 418 547 50 1 0 0 0 0 0 1 0 0 1
45 -61.475 33.392 1.0 20.0 388 494 57 0 0 0 0 0 1 0 0 1 0
46 -34.674 -27.588 2.0 6.0 442 544 40 0 0 0 0 1 0 0 1 0 0
47 10.315 -12.518 15.0 1.0 269 397 92 0 0 0 0 0 0 0 1 0 0
48 -83.014 77.002 20.0 11.0 451 578 57 0 0 0 0 0 1 0 1 0 0
49 -40.417 49.988 9.0 22.0 463 582 52 1 0 0 1 0 0 0 1 0 0
50 83.832 33.905 13.0 25.0 152 249 8 0 1 0 1 0 0 0 0 0 0
51 -20.563 -75.83 4.0 18.0 182 272 51 0 0 0 0 1 0 0 0 0 0
52 15.442 -18.719 15.0 9.0 91 195 90 1 0 0 0 0 0 0 1 0 0
53 -59.937 -65.802 5.0 23.0 269 447 17 0 1 0 0 0 0 0 0 0 0
54 5.151 47.815 8.0 17.0 198 375 7 0 0 0 0 0 1 0 0 0 0
55 46.008 14.99 19.0 4.0 76 213 7 0 1 0 0 0 0 0 0 0 0
56 82.977 -1.66 16.0 1.0 134 254 36 0 0 0 0 0 0 1 0 0 0
57 39.893 -38.916 11.0 14.0 201 339 26 0 0 0 0 0 0 0 0 1 0
58 90.839 -83.539 23.0 11.0 274 432 67 0 0 1 0 0 0 0 0 0 0
59 7.068 0.067 14.0 7.0 167 288 29 0 0 0 1 0 0 0 0 1 0
60 18.958 40.088 24.0 21.0 270 448 41 0 0 1 0 0 0 0 0 1 0
61 -80.487 58.209 5.0 3.0 460 595 71 0 1 0 1 0 0 0 0 1 0
62 64.459 -62.946 5.0 18.0 318 471 42 0 0 0 1 0 0 0 0 0 0
63 -43.616 -26.117 23.0 5.0 111 234 80 0 0 0 1 0 1 0 0 1 1
64 -18.408 10.303 3.0 6.0 400 558 45 1 0 0 0 0 0 0 1 0 1
65 -43.921 63.251 10.0 22.0 91 214 27 0 0 1 1 0 1 0 0 0 0
66 11.353 26.221 23.0 13.0 109 269 52 0 0 0 0 0 0 0 0 0 1
67 -6.995 38.239 23.0 17.0 324 468 53 0 0 1 0 1 0 0 0 0 0
68 74.084 -34.216 20.0 5.0 203 335 90 0 0 0 0 0 0 1 0 0 0
69 14.301 -0.8 5.0 7.0 176 350 99 0 1 0 0 0 0 1 0 0 0
70 -94.141 -48.779 14.0 1.0 86 216 79 1 1 0 0 0 0 0 0 0 0
71 15.332 -42.169 1.0 3.0 315 416 37 0 0 1 0 0 0 0 0 0 0
72 -46.637 -16.461 10.0 10.0 355 448 32 0 0 0 0 0 1 1 0 0 0
73 -0.958 -81.0 3.0 5.0 243 422 66 0 1 0 0 0 0 1 0 0 0
74 -37.445 -42.505 4.0 1.0 420 577 51 1 0 0 0 0 0 0 0 0 0
75 -3.68 -69.073 23.0 17.0 324 457 12 0 0 0 1 0 0 0 0 0 1
76 34.894 -20.898 21.0 14.0 311 475 86 0 0 1 0 0 0 0 0 0 0
77 45.544 51.41 3.0 4.0 92 212 99 1 0 0 0 0 0 0 0 0 0
78 -31.927 88.239 21.0 10.0 470 635 54 1 0 0 0 0 0 0 0 0 0
79 -13.58 -26.959 25.0 25.0 390 515 53 1 0 0 0 0 0 1 0 0 1
80 12.653 -48.34 5.0 11.0 253 373 11 0 0 0 0 0 0 1 0 0 0
81 -46.179 -38.269 11.0 16.0 304 411 67 1 0 0 0 0 1 0 0 0 0
82 -29.62 35.083 10.0 25.0 269 438 91 0 0 0 0 1 0 0 0 0 0
83 13.696 43.988 5.0 20.0 204 370 46 0 0 1 0 0 0 0 0 1 0
84 38.342 -46.338 3.0 3.0 456 571 28 0 1 0 0 0 1 1 0 0 0
85 -26.227 24.506 13.0 7.0 182 273 59 1 0 0 0 0 0 0 0 0 0
86 90.009 -43.64 19.0 2.0 293 412 71 0 0 0 1 0 0 0 0 0 0
87 -6.995 22.522 13.0 6.0 170 317 20 0 0 0 1 0 1 0 1 0 0
88 -29.993 -28.851 8.0 14.0 183 276 35 0 0 1 0 0 0 0 0 0 0
89 -56.268 -64.74 13.0 14.0 251 400 66 0 1 0 0 0 1 0 0 0 1
90 -87.415 90.796 15.0 2.0 325 460 73 1 0 0 0 0 0 0 0 0 0
91 -5.762 54.034 10.0 15.0 315 416 88 1 1 1 0 0 0 0 1 0 0
92 -34.845 -27.185 4.0 22.0 310 441 9 0 0 1 0 0 1 0 0 0 1
93 -16.479 16.18 23.0 4.0 95 266 99 0 0 0 0 1 0 0 0 0 0
94 23.712 29.492 23.0 22.0 378 526 27 1 0 1 0 1 0 0 1 0 1
95 -40.991 46.594 14.0 19.0 406 545 89 0 0 0 1 0 0 0 0 0 0
96 -53.516 -21.619 20.0 5.0 436 535 25 0 0 1 0 0 0 0 0 0 0
97 -17.56 37.494 3.0 10.0 334 461 3 0 0 0 0 0 0 0 0 0 1
98 -37.311 56.836 5.0 4.0 292 411 31 0 1 1 0 0 0 0 0 0 0
99 71.515 22.51 16.0 7.0 430 575 50 0 0 0 1 0 0 0 0 0 0
100 -41.864 27.71 21.0 11.0 141 299 99 0 0 0 1 0 0 0 0 0 0
101 14.819 -82.117 4.0 14.0 355 532 42 0 0 0 0 0 1 0 0 0 0
102 30.316 -55.322 2.0 2.0 135 238 68 0 1 0 1 0 0 0 1 0 0
103 -39.172 47.998 11.0 12.0 193 321 43 0 1 0 0 1 1 0 0 0 0
104 -94.415 15.192 15.0 12.0 192 322 49 0 0 1 0 0 1 0 1 1 1
105 -7.806 11.273 16.0 24.0 185 291 16 0 0 0 0 1 0 0 0 0 0
106 28.571 -49.908 3.0 8.0 115 286 34 0 0 0 1 0 0 0 0 0 0
107 -20.654 24.554 21.0 4.0 111 284 72 0 0 0 0 0 1 1 0 0 0
108 -30.963 -18.903 21.0 25.0 339 493 21 0 0 0 0 1 0 0 0 0 0
109 1.721 -20.447 25.0 6.0 214 351 87 0 0 0 0 1 0 0 0 0 0
110 -31.012 -21.106 12.0 9.0 452 553 60 1 0 0 0 0 0 0 0 0 0
111 -85.718 -28.015 21.0 23.0 282 419 94 1 0 0 0 0 0 0 0 0 1
112 58.826 -63.043 6.0 15.0 412 532 97 1 0 0 0 0 0 0 0 0 1
113 -15.753 -52.686 2.0 7.0 447 603 48 0 0 0 0 0 1 0 0 1 0
114 -71.661 51.184 24.0 6.0 350 524 95 0 0 0 0 0 0 0 1 0 1
115 -92.633 -6.598 21.0 5.0 337 456 31 0 0 0 1 0 0 0 0 0 0
116 33.508 -49.255 24.0 12.0 110 235 37 0 0 0 0 1 0 1 1 0 1
117 59.314 54.095 11.0 3.0 119 268 60 0 0 0 0 0 0 0 0 0 1
118 30.737 -28.436 12.0 22.0 280 396 41 0 0 0 0 0 1 0 0 0 0
119 -55.896 18.457 22.0 18.0 82 214 29 0 1 0 0 0 0 0 0 0 0
120 -89.96 -39.532 19.0 16.0 418 574 62 0 0 0 0 0 1 1 0 1 0
121 36.438 20.819 8.0 5.0 201 320 0 0 0 1 0 0 0 0 0 0 1
122 -53.674 -56.427 9.0 1.0 429 580 21 1 0 0 0 0 1 0 0 0 1
123 -31.866 32.538 10.0 8.0 90 190 46 0 1 0 0 0 0 0 0 0 0
124 5.658 12.756 5.0 20.0 353 511 53 0 0 0 0 1 0 0 0 0 0
125 -52.905 42.804 14.0 17.0 394 537 81 0 1 0 0 0 0 1 0 0 0
126 47.131 -45.465 7.0 11.0 358 455 47 0 0 1 0 0 0 0 0 0 0
127 30.792 9.869 5.0 8.0 131 274 59 0 0 0 1 0 0 0 0 0 0
128 -45.209 -56.293 22.0 15.0 369 520 26 0 1 0 0 0 0 0 0 0 0
129 10.919 13.306 5.0 16.0 270 449 26 0 0 0 1 0 0 0 0 1 1
130 -32.99 -34.003 1.0 6.0 287 408 13 0 1 1 0 1 0 1 0 0 0
131 -40.869 30.579 9.0 24.0 85 177 24 0 0 0 1 0 0 1 0 0 1
132 -69.348 80.408 16.0 10.0 258 352 42 0 0 1 0 1 0 1 0 0 0
133 -58.966 -29.541 14.0 4.0 356 450 43 0 0 1 0 0 0 0 0 1 0
134 -36.847 -33.71 21.0 10.0 226 318 67 0 0 1 0 0 0 0 1 0 0
135 -21.82 65.369 8.0 17.0 363 482 68 0 0 0 1 0 0 0 0 0 0
136 22.98 -41.01 7.0 5.0 359 512 36 0 0 0 0 1 0 0 0 0 0
137 -77.557 59.814 24.0 14.0 232 408 48 0 0 1 1 0 0 0 1 0 0
138 -47.205 67.725 24.0 16.0 315 442 84 0 1 0 1 0 0 0 0 0 0
139 -21.606 35.168 16.0 11.0 196 335 46 0 1 1 0 1 0 0 1 0 1
140 -55.676 -31.384 4.0 25.0 187 288 15 0 0 1 0 0 0 0 0 0 0
141 -85.229 88.788 7.0 4.0 354 500 71 0 0 0 0 0 1 0 0 0 0
142 -3.918 -63.525 13.0 12.0 270 374 33 0 0 0 0 0 1 0 0 0 0
143 -58.557 59.375 25.0 19.0 474 617 55 0 0 0 1 0 0 1 0 0 0
144 -24.542 14.935 10.0 6.0 375 476 98 0 0 0 1 0 0 0 0 0 1
145 -48.779 16.968 24.0 23.0 464 559 7 0 1 0 0 0 0 0 0 0 0