1 96 1339
6 6 1 5 5 9 4 6 6 4
3
6 1 3
0 30.219 24.786 0.0 0.0 0 1000
2 33.588 30.75 12.0 4.0 389 536 74 0 1 0 0 0 0 0 0 0 1
3 48.828 65.314 1.0 12.0 444 558 37 0 1 0 1 1 1 0 0 0 0
4 86.176 59.344 1.0 3.0 275 412 72 0 0 0 0 0 0 0 0 1 1
5 39.27 -33.057 15.0 15.0 367 524 63 0 0 0 1 0 1 0 0 0 0
6 -23.37 86.853 10.0 13.0 413 589 17 0 0 0 0 0 0 0 0 0 1
7 48.132 95.593 12.0 20.0 66 173 27 0 1 0 0 0 0 0 1 1 1
8 -16.357 93.311 15.0 21.0 232 357 93 0 0 0 0 0 1 0 0 0 0
9 -57.703 -65.601 16.0 4.0 473 601 63 0 0 0 0 1 0 0 0 0 0
10 7.147 32.684 18.0 25.0 351 506 9 0 0 1 1 0 0 0 0 0 1
11 42.95 68.701 9.0 21.0 302 448 75 1 0 0 0 0 1 0 0 0 0
12 37.085 -2.112 5.0 7.0 411 574 55 0 1 0 0 1 0 0 0 1 0
13 77.759 55.817 19.0 3.0 146 279 74 0 0 0 0 1 0 0 0 0 0
14 -17.462 -56.567 11.0 9.0 214 306 55 0 0 0 1 0 0 0 0 0 0
15 58.575 59.888 12.0 5.0 128 234 30 1 0 0 0 0 0 0 0 0 0
16 57.776 15.344 13.0 20.0 158 263 71 1 0 0 0 0 0 0 0 0 0
17 -22.327 36.072 8.0 21.0 447 573 20 0 0 0 0 0 0 0 0 1 0
18 -7.08 30.493 14.0 19.0 134 239 28 0 0 0 0 0 0 0 0 1 0
19 55.658 60.425 9.0 2.0 81 211 33 0 1 0 0 1 0 0 0 0 0
20 -14.307 11.456 2.0 16.0 418 575 19 0 0 0 0 0 0 0 0 0 1
21 -29.724 24.268 25.0 18.0 455 586 33 0 0 1 0 0 1 1 0 0 0
22 43.219 0.739 6.0 24.0 369 517 28 0 0 0 1 1 1 1 1 1 0
23 45.184 35.474 16.0 24.0 99 190 20 0 0 0 0 0 1 0 0 0 0
24 64.484 2.24 18.0 8.0 150 277 70 0 0 0 0 0 0 1 0 0 0
25 55.078 72.241 4.0 16.0 126 298 5 0 0 1 0 1 0 1 0 0 0
26 16.925 15.741 17.0 19.0 429 564 77 0 0 0 1 0 0 0 0 0 1
27 45.038 -3.723 4.0 12.0 254 408 5 0 1 0 1 0 0 0 0 0 0
28 -76.782 5.939 22.0 9.0 255 400 71 0 0 0 0 0 0 0 0 1 0
29 36.169 0.256 12.0 3.0 161 292 12 1 0 1 0 0 0 0 0 0 0
30 29.218 8.936 13.0 15.0 236 329 59 1 1 0 0 0 0 0 0 0 0
31 65.057 5.225 5.0 4.0 176 300 16 0 1 1 1 0 0 0 1 0 0
32 42.175 -22.284 24.0 24.0 298 465 63 0 0 0 0 0 1 0 0 0 0
33 25.574 31.726 12.0 22.0 142 243 89 0 0 0 0 0 1 1 0 1 0
34 31.561 37.262 16.0 14.0 404 577 90 0 0 0 0 0 0 0 0 0 1
35 66.498 -54.169 8.0 11.0 101 273 19 0 1 1 0 0 1 0 0 0 0
36 46.576 -17.938 10.0 20.0 236 365 17 1 1 0 0 0 1 0 1 0 0
37 65.063 40.875 15.0 5.0 391 533 78 1 0 0 0 0 0 0 0 1 0
38 -2.716 24.768 21.0 11.0 354 510 86 1 0 0 0 0 1 0 1 0 1
39 -40.002 3.87 5.0 12.0 183 335 53 0 1 0 0 0 0 0 1 0 0
40 -73.505 57.043 9.0 7.0 392 541 38 1 0 0 0 0 0 0 0 1 0
41 81.146 -25.714 5.0 1.0 425 580 86 0 0 0 1 0 1 0 0 0 0
42 12.006 -7.965 9.0 23.0 170 323 92 1 0 0 0 0 0 0 1 1 1
43 42.761 38.092 20.0 13.0 182 313 76 0 0 0 0 0 1 0 0 0 1
44 3.857 -23.181 14.0 4.0 136 257 26 1 1 0 1 1 0 1 0 0 0
45 -7.367 24.39 24.0 23.0 287 440 62 0 0 0 0 0 0 0 0 0 1
46 35.944 -11.835 23.0 17.0 289 381 49 0 0 0 0 1 1 0 1 0 0
47 52.075 9.692 12.0 13.0 354 483 43 0 1 1 1 0 1 0 0 0 0
48 30.725 30.701 13.0 9.0 284 445 73 0 0 0 0 0 1 0 0 0 0
49 41.223 77.924 19.0 10.0 153 273 57 0 0 1 0 0 0 0 0 0 0
50 68.884 -40.546 21.0 22.0 310 441 72 0 0 0 0 0 0 0 0 0 1
51 76.312 86.67 5.0 21.0 186 277 53 0 0 0 0 0 0 0 0 1 0
52 63.934 78.54 9.0 13.0 400 492 13 0 0 1 0 1 0 0 0 0 0
53 29.15 -9.961 23.0 25.0 305 469 86 1 0 0 0 0 0 0 0 0 0
54 85.522 39.954 8.0 8.0 263 378 45 0 0 0 0 1 0 0 0 0 0
55 31.775 3.87 5.0 20.0 446 587 97 0 0 0 0 0 1 0 0 1 0
56 -20.544 19.086 8.0 3.0 260 392 37 0 0 1 0 0 0 0 0 0 0
57 55.353 43.817 10.0 4.0 211 382 52 1 0 1 0 0 0 0 0 0 0
58 35.406 10.278 9.0 13.0 148 297 5 1 0 0 0 0 0 0 0 0 0
59 25.464 -0.287 21.0 18.0 133 303 48 0 0 1 0 0 1 1 0 0 0
60 12.396 0.244 12.0 1.0 407 497 31 0 0 0 0 0 1 1 0 0 0
61 18.359 20.917 8.0 10.0 70 195 66 1 0 0 1 1 0 0 0 1 1
62 27.96 -15.039 4.0 16.0 262 384 30 1 0 0 0 0 1 0 1 0 0
63 -3.192 19.879 14.0 9.0 101 267 2 0 0 0 1 0 1 0 0 0 1
64 9.332 -41.351 19.0 13.0 147 273 44 0 0 0 0 0 0 1 0 0 0
65 -20.581 38.177 23.0 23.0 207 300 61 0 0 0 0 0 1 0 0 0 0
66 27.82 28.729 4.0 14.0 212 382 91 1 0 0 1 0 0 0 0 0 0
67 59.027 42.31 9.0 5.0 325 454 8 1 0 0 0 1 0 0 0 1 1
68 56.311 58.734 1.0 1.0 101 198 96 0 0 0 0 0 1 0 0 0 0
69 -51.654 -0.342 21.0 6.0 418 577 15 0 0 0 1 0 0 0 0 0 0
70 2.576 32.721 20.0 20.0 400 575 81 0 0 0 0 0 1 1 0 0 0
71 15.131 -3.046 24.0 10.0 477 591 94 0 0 0 0 1 0 0 1 1 0
72 66.595 34.937 22.0 19.0 96 212 97 0 0 0 0 0 1 0 0 0 1
73 19.476 20.142 25.0 24.0 95 220 26 1 0 0 1 0 0 0 0 0 0
74 -1.172 20.648 19.0 3.0 86 203 69 0 0 1 0 0 0 0 0 0 1
75 -21.204 13.66 14.0 5.0 453 577 81 1 0 0 0 0 0 0 1 1 0
76 98.846 1.257 11.0 13.0 355 506 20 1 0 1 0 0 0 1 1 1 0
77 82.593 72.003 22.0 5.0 407 544 42 0 0 0 1 1 0 0 0 0 1
78 30.017 -30.896 25.0 4.0 451 629 51 0 0 1 0 1 0 0 0 0 0
79 33.228 41.663 5.0 12.0 417 544 95 1 0 0 0 0 1 1 0 0 0
80 39.49 -8.539 10.0 11.0 116 220 34 0 0 0 0 0 0 0 1 0 1
81 54.498 70.813 4.0 20.0 123 218 27 0 0 1 0 0 0 0 0 0 0
82 3.058 10.248 4.0 13.0 455 630 48 0 0 0 1 0 0 0 1 0 0
83 51.831 -16.87 6.0 1.0 385 495 16 0 0 0 1 0 0 0 0 0 0
84 76.416 11.346 22.0 3.0 402 513 62 0 0 0 1 0 0 1 0 0 0
85 5.243 0.238 17.0 2.0 203 369 88 0 1 1 0 0 0 0 0 0 1
86 50.592 34.247 22.0 23.0 213 392 80 0 0 0 1 0 0 0 0 1 0
87 -5.231 -2.081 3.0 8.0 169 331 10 0 0 0 1 0 0 0 0 0 0
88 24.194 25.836 25.0 25.0 436 588 25 0 0 0 0 1 1 0 0 0 0
89 33.63 37.585 22.0 18.0 361 534 85 0 0 0 0 0 1 0 0 0 0
90 31.445 -7.001 23.0 4.0 113 217 26 0 0 0 1 0 0 1 1 0 1
91 30.707 -28.168 16.0 5.0 112 258 97 0 0 1 0 0 0 0 0 0 0
92 49.86 1.038 13.0 21.0 302 443 40 0 1 0 0 0 0 0 0 0 0
93 -35.767 14.142 23.0 23.0 187 361 93 0 1 1 0 0 0 0 0 1 0
94 -29.309 4.889 1.0 19.0 299 430 87 0 0 0 0 1 0 1 0 1 1
95 19.049 41.974 11.0 2.0 85 203 2 0 1 0 0 1 1 0 0 1 0
96 27.6 13.934 19.0 21.0 196 345 26 0 0 0 1 0 0 0 0 0 0
97 52.832 50.684 21.0 10.0 229 325 0 0 0 1 0 0 0 0 0 0 0