4 240 4555
25 20 15 21 21 22 20 23 23 20
1 1 1 2
9
8
5
3 5
0 8.681 -10.439 0.0 0.0 0 1000
2 65.991 -49.829 20.0 10.0 396 492 29 0 1 0 0 0 0 0 1 0 1
3 -36.938 -36.743 20.0 25.0 176 346 23 1 0 0 0 0 1 1 1 0 1
4 -2.734 18.774 13.0 18.0 212 304 26 0 0 0 1 0 0 0 0 0 1
5 31.116 -35.907 13.0 16.0 157 266 87 0 0 1 0 0 0 1 0 0 0
6 2.789 8.008 17.0 14.0 345 455 43 1 1 1 0 0 0 0 1 0 0
7 31.152 43.665 24.0 7.0 242 375 76 0 0 1 1 0 1 0 1 0 0
8 -36.304 -21.307 15.0 9.0 383 506 68 1 0 0 0 0 0 0 0 1 0
9 52.814 35.046 12.0 16.0 99 261 45 0 1 0 1 0 0 0 0 0 0
10 11.267 20.66 20.0 24.0 440 592 33 0 0 0 0 0 1 1 1 1 0
11 -0.623 23.114 20.0 6.0 213 324 55 0 0 0 0 0 0 1 0 0 0
12 43.091 -12.36 3.0 22.0 280 388 66 0 0 0 1 1 0 0 0 1 0
13 6.854 19.073 8.0 11.0 343 508 41 0 0 0 0 0 1 0 0 0 0
14 -6.848 25.317 16.0 19.0 339 500 44 0 0 0 1 0 0 0 0 0 0
15 -27.93 -23.712 20.0 20.0 325 471 24 0 0 0 0 0 0 0 1 0 0
16 33.24 -30.487 21.0 20.0 437 573 37 0 0 0 0 0 0 1 0 0 0
17 63.885 -52.881 23.0 16.0 154 307 43 0 0 0 0 1 0 0 0 0 0
18 -13.672 -43.945 21.0 5.0 155 269 98 0 0 0 0 0 0 0 0 1 0
19 -0.647 -27.502 3.0 21.0 290 405 89 1 0 0 1 0 1 0 1 0 0
20 59.406 -49.261 19.0 19.0 447 579 44 0 0 0 0 0 1 0 0 0 0
21 27.167 -5.713 20.0 18.0 370 469 86 0 0 1 1 0 0 0 0 1 1
22 70.001 -20.844 7.0 22.0 382 545 94 0 0 0 0 0 1 0 0 0 0
23 35.327 -65.167 14.0 19.0 221 313 17 0 1 0 1 0 0 0 0 0 0
24 -14.386 -42.236 24.0 15.0 338 483 6 0 0 0 0 0 0 1 0 0 0
25 19.366 30.273 3.0 24.0 94 197 36 0 0 0 0 1 0 0 0 0 0
26 -39.789 10.101 13.0 20.0 98 190 30 1 0 0 0 0 0 0 1 0 0
27 -15.753 -40.204 1.0 17.0 231 344 4 1 0 0 0 1 0 0 1 1 1
28 -28.418 -40.503 5.0 20.0 216 349 6 0 1 0 0 1 1 0 0 0 0
29 27.081 9.735 2.0 12.0 470 563 44 0 0 0 0 0 1 0 0 0 0
30 22.205 -9.216 9.0 23.0 150 300 49 0 0 0 1 1 0 0 0 0 0
31 -0.83 -6.525 18.0 15.0 408 565 68 0 0 0 0 0 1 0 0 0 0
32 10.217 75.531 5.0 19.0 276 414 37 0 1 0 1 0 0 0 0 1 1
33 7.446 18.5 12.0 23.0 429 603 67 1 0 0 0 0 0 0 1 0 0
34 48.914 -20.294 11.0 9.0 415 538 87 0 0 0 0 0 0 1 1 0 0
35 -18.958 -29.675 17.0 21.0 314 469 31 0 0 0 0 0 0 0 0 1 0
36 16.815 -6.659 21.0 17.0 344 491 57 0 0 0 0 1 1 0 0 0 0
37 2.509 -30.42 5.0 6.0 367 486 71 1 0 0 1 0 0 0 0 1 0
38 15.424 4.913 5.0 10.0 356 503 16 1 0 0 1 1 0 0 1 0 0
39 60.315 89.801 7.0 9.0 110 236 62 0 1 0 0 0 0 0 0 0 0
40 40.405 -45.367 24.0 19.0 202 347 72 1 0 0 1 0 0 0 0 0 0
41 -26.837 -54.272 1.0 17.0 298 451 85 0 0 0 0 1 1 0 0 0 1
42 69.171 72.577 12.0 22.0 376 492 29 1 1 0 0 0 0 0 1 1 0
43 -22.815 46.173 6.0 8.0 375 544 63 0 0 1 1 1 0 0 0 0 0
44 -14.258 -30.249 5.0 25.0 279 416 41 1 0 0 0 0 0 0 0 0 0
45 76.05 12.073 19.0 13.0 70 219 81 1 0 0 0 0 0 0 1 0 0
46 63.043 60.022 23.0 1.0 174 286 35 0 0 1 0 0 0 1 0 0 0
47 -20.239 -81.97 8.0 15.0 184 311 94 0 1 0 0 1 0 1 0 0 0
48 -41.168 -42.023 1.0 16.0 199 292 1 1 0 0 1 0 1 0 0 1 0
49 79.199 -29.016 20.0 20.0 354 471 40 0 1 1 0 1 0 0 0 0 0
50 -20.728 -7.068 16.0 14.0 414 567 24 0 0 1 1 0 0 0 0 0 1
51 -4.163 -53.497 8.0 2.0 178 268 71 0 0 0 0 0 1 0 0 0 1
52 39.594 -40.46 16.0 5.0 202 318 47 0 1 0 0 0 0 1 0 0 0
53 -47.125 -77.85 25.0 16.0 233 335 66 0 0 0 0 1 0 0 0 0 0
54 -1.233 49.182 5.0 12.0 132 281 52 0 1 0 0 1 0 1 1 0 0
55 -0.372 -27.264 10.0 1.0 125 258 48 1 0 0 0 0 0 0 0 0 0
56 31.537 -8.722 24.0 15.0 427 535 52 1 0 0 0 0 0 0 0 1 1
57 -0.134 -20.264 16.0 5.0 191 297 38 0 0 0 1 0 0 1 0 0 0
58 66.394 -26.691 7.0 9.0 400 567 3 0 0 0 0 0 1 0 0 0 0
59 6.104 -64.093 14.0 8.0 201 363 80 0 0 0 0 0 0 0 0 0 1
60 13.544 -20.874 11.0 2.0 133 310 9 1 1 0 0 0 0 0 1 0 1
61 54.211 -6.537 15.0 10.0 429 574 67 0 0 0 0 0 1 1 0 0 0
62 22.046 -34.137 23.0 25.0 374 468 92 1 0 0 1 0 0 0 1 1 0
63 -9.723 4.706 5.0 24.0 121 292 17 0 0 0 0 0 1 0 0 0 0
64 -11.584 -46.857 16.0 7.0 232 333 23 0 0 0 0 0 0 0 1 0 0
65 -2.905 -0.305 13.0 14.0 396 549 49 0 0 0 0 1 1 1 1 0 0
66 13.837 -44.452 18.0 3.0 426 577 30 0 0 0 1 0 0 0 1 0 0
67 17.48 27.747 14.0 23.0 324 483 63 1 0 1 0 0 1 0 1 0 0
68 2.972 -43.689 3.0 21.0 306 473 89 1 0 0 0 1 0 0 0 0 0
69 -44.354 -38.202 22.0 13.0 355 454 52 0 0 0 1 0 0 1 0 0 0
70 -59.399 1.514 16.0 15.0 192 367 40 0 0 0 0 0 1 0 0 0 0
71 -13.452 -75.531 16.0 14.0 153 331 43 0 0 1 0 0 0 0 0 0 1
72 -5.518 -51.947 2.0 7.0 194 354 98 1 0 1 1 0 0 0 0 0 1
73 -9.589 -26.88 19.0 20.0 391 535 37 0 1 0 1 0 0 1 0 1 0
74 19.318 29.498 23.0 6.0 334 441 20 0 0 0 0 0 1 0 0 0 0
75 26.245 36.743 6.0 24.0 196 338 43 0 0 0 0 0 1 0 0 0 0
76 43.707 -28.033 11.0 17.0 268 446 30 1 0 0 1 0 1 0 1 0 0
77 -52.026 -35.339 19.0 3.0 197 300 28 0 1 0 0 0 1 1 0 0 0
78 -8.435 -0.116 3.0 15.0 69 220 61 0 0 0 1 0 0 0 0 1 0
79 89.111 62.122 14.0 6.0 364 486 23 1 0 0 0 0 1 0 0 0 0
80 6.067 -16.132 14.0 21.0 391 527 99 0 1 0 0 0 0 1 0 0 0
81 27.094 -5.103 19.0 25.0 66 185 34 0 0 0 0 0 1 0 0 0 0
82 27.527 -15.344 3.0 18.0 84 247 77 0 0 0 0 1 0 0 0 1 0
83 42.511 32.056 18.0 1.0 444 577 1 0 1 1 1 0 0 1 0 0 0
84 25.311 12.689 24.0 19.0 90 209 25 0 0 0 1 0 0 1 0 1 0
85 47.778 -12.769 6.0 17.0 162 267 85 0 0 0 0 0 0 1 0 0 0
86 -3.143 -13.837 1.0 20.0 373 522 18 0 0 0 0 0 1 0 0 0 0
87 12.482 -78.101 3.0 1.0 171 302 38 0 1 0 0 0 0 0 0 1 0
88 -21.039 -3.43 15.0 13.0 351 475 86 0 0 1 0 0 0 0 0 0 0
89 -3.149 -55.432 18.0 25.0 142 266 77 0 0 0 0 0 0 0 1 0 0
90 53.009 84.9 5.0 16.0 118 283 5 0 0 0 0 0 0 0 0 0 1
91 35.638 -47.552 23.0 5.0 98 243 62 1 0 0 0 1 0 0 0 0 0
92 43.427 -18.439 10.0 18.0 318 439 60 0 1 0 1 0 0 0 0 0 0
93 6.598 -54.578 20.0 17.0 422 590 46 0 0 0 1 0 0 0 0 0 0
94 87.952 94.012 11.0 15.0 456 622 77 0 1 0 0 0 0 1 0 1 0
95 39.105 -48.743 16.0 13.0 306 466 18 1 0 0 0 0 0 0 1 0 0
96 -48.34 -26.477 15.0 15.0 255 393 65 1 0 0 0 1 0 1 0 0 0
97 72.003 -9.253 19.0 2.0 439 596 32 0 1 0 0 1 0 0 0 0 0
98 -37.732 3.351 4.0 1.0 474 628 70 0 0 0 1 0 0 1 1 0 1
99 -65.967 -36.749 14.0 9.0 323 455 53 0 1 0 0 0 0 0 1 1 0
100 -16.669 -35.284 23.0 16.0 235 349 14 1 0 0 0 0 0 1 0 0 1
101 10.742 -4.669 11.0 6.0 224 368 95 0 0 0 1 0 0 0 1 0 0
102 15.594 -5.817 21.0 18.0 291 386 66 1 0 0 0 0 0 0 0 0 0
103 21.606 -18.109 14.0 24.0 250 370 40 1 0 0 1 0 0 0 0 1 0
104 9.784 49.28 16.0 24.0 471 616 61 0 0 0 0 1 0 0 0 0 0
105 94.147 -4.492 25.0 9.0 246 357 17 0 0 0 1 0 0 0 0 0 1
106 10.382 -16.302 17.0 19.0 308 440 14 0 0 0 0 0 0 0 1 0 0
107 -1.453 -0.861 16.0 12.0 160 264 44 0 0 0 0 0 1 0 0 0 0
108 -6.219 25.305 13.0 22.0 329 461 56 0 0 1 0 0 1 0 0 1 0
109 -6.25 10.217 23.0 13.0 356 511 69 1 0 0 0 1 0 1 1 0 0
110 -17.444 -70.795 10.0 20.0 410 532 38 0 0 0 0 0 1 0 0 0 0
111 -55.09 -43.854 2.0 25.0 275 454 58 0 1 0 1 0 0 0 0 1 0
112 -9.442 23.724 15.0 1.0 233 331 31 0 0 0 0 1 0 0 0 0 0
113 8.978 35.406 14.0 24.0 367 534 45 0 0 1 0 0 0 0 0 0 0
114 -16.754 -0.812 22.0 10.0 364 460 62 0 0 0 0 0 0 0 0 0 1
115 66.852 -37.842 15.0 22.0 259 429 37 0 0 0 1 0 0 1 0 0 1
116 14.716 -23.724 16.0 14.0 146 314 61 0 1 0 0 0 0 0 0 0 1
117 33.472 20.026 12.0 12.0 155 245 16 0 1 0 0 0 1 0 0 0 0
118 66.394 -70.111 14.0 23.0 178 310 84 0 1 0 0 0 0 0 0 0 0
119 -5.664 8.881 15.0 14.0 133 300 60 1 0 0 0 0 1 0 1 0 0
120 -5.103 -46.729 11.0 23.0 115 265 20 1 0 0 0 0 0 0 1 0 0
121 -8.826 55.743 11.0 25.0 129 240 62 0 0 0 0 1 0 0 1 0 0
122 5.847 -3.186 4.0 5.0 399 562 75 0 0 0 0 0 0 0 1 0 0
123 -25.726 -37.695 23.0 7.0 303 418 18 0 1 1 1 0 1 1 0 0 0
124 -15.363 -24.548 13.0 25.0 330 448 11 0 0 1 0 1 1 0 1 0 0
125 43.793 -11.102 22.0 11.0 394 572 50 0 0 1 0 0 0 0 0 0 0
126 17.664 -25.604 17.0 18.0 259 358 7 0 0 0 0 0 0 0 1 0 0
127 -39.624 54.883 2.0 18.0 267 417 60 0 1 1 1 0 0 0 1 1 0
128 -24.554 -43.225 5.0 1.0 297 446 92 1 0 0 1 1 0 0 0 0 0
129 -26.892 -12.738 14.0 7.0 269 442 87 0 0 0 0 0 1 0 0 0 0
130 34.155 -38.458 1.0 22.0 394 545 64 1 0 1 0 0 1 0 0 0 0
131 -47.314 -29.468 13.0 7.0 219 378 10 0 1 0 1 0 0 0 0 0 0
132 49.365 -25.592 8.0 3.0 477 648 95 0 0 1 0 1 0 0 0 0 0
133 3.705 -16.449 24.0 18.0 289 410 98 0 0 0 0 0 0 0 0 0 1
134 22.43 -23.273 12.0 8.0 463 584 50 0 0 0 0 0 0 0 0 1 0
135 -37.549 -29.608 23.0 6.0 74 175 43 0 0 0 0 0 0 1 0 1 1
136 25.549 3.674 1.0 7.0 92 213 22 0 1 0 1 0 0 0 0 0 0
137 -15.216 3.284 2.0 20.0 360 523 4 0 0 1 0 1 0 0 0 0 0
138 -12.939 -7.495 8.0 10.0 80 234 42 0 0 0 0 1 0 0 0 0 0
139 -22.107 26.434 18.0 2.0 122 296 28 0 0 1 0 0 1 0 0 1 0
140 -17.944 7.733 14.0 3.0 339 469 13 1 1 0 0 0 0 0 0 1 0
141 -21.234 14.49 23.0 10.0 390 506 92 0 0 0 0 0 0 0 0 1 1
142 3.503 -19.708 14.0 5.0 112 207 86 0 0 0 0 0 1 0 0 0 0
143 32.599 -14.935 4.0 25.0 374 492 52 1 0 0 0 1 1 0 0 0 0
144 -5.737 -28.296 24.0 23.0 411 532 65 0 1 0 0 0 1 0 1 1 1
145 -6.128 -39.624 9.0 21.0 442 578 40 0 0 0 0 0 1 0 0 0 0
146 -2.46 12.817 15.0 13.0 144 272 26 0 1 0 0 0 0 0 0 0 0
147 -6.47 8.466 10.0 1.0 265 439 41 0 0 0 0 0 1 1 0 0 0
148 -37.891 -36.115 3.0 11.0 190 346 32 0 0 0 0 0 1 0 0 0 0
149 10.852 -18.75 12.0 6.0 423 595 89 0 1 0 0 0 1 1 0 0 0
150 50.104 8.636 6.0 9.0 91 201 86 1 0 1 0 0 0 0 0 0 0
151 46.844 4.712 1.0 17.0 418 513 1 0 0 0 0 1 0 1 1 0 0
152 19.598 -10.406 24.0 13.0 356 449 96 0 0 0 0 0 0 0 1 1 0
153 -38.947 52.942 3.0 23.0 127 282 37 0 0 0 1 1 0 0 0 0 0
154 -0.641 -21.289 4.0 19.0 79 179 50 0 0 0 0 0 0 0 1 1 1
155 40.906 -33.765 7.0 11.0 144 312 56 0 0 0 0 1 0 0 0 1 0
156 -0.574 -62.299 21.0 12.0 358 450 70 0 0 0 0 1 0 1 0 0 0
157 -9.778 26.794 1.0 18.0 82 226 53 0 0 0 0 0 0 1 1 0 0
158 34.265 -23.895 24.0 25.0 273 391 10 0 0 1 0 0 0 1 0 0 1
159 29.572 -24.561 5.0 13.0 357 473 91 0 0 1 0 0 0 1 0 0 0
160 16.376 -58.887 23.0 24.0 102 268 75 0 1 0 0 0 0 0 0 1 0
161 61.877 -15.167 5.0 5.0 227 369 48 0 0 0 0 1 1 0 0 0 0
162 40.088 -9.625 17.0 14.0 230 345 80 0 0 0 0 0 1 0 0 0 0
163 0.122 -4.645 24.0 18.0 129 229 39 0 0 0 0 0 1 1 0 0 0
164 -8.929 -43.903 23.0 25.0 331 450 49 0 0 0 1 0 0 0 0 1 0
165 -7.135 -57.434 3.0 11.0 234 357 39 0 1 1 0 0 1 0 0 1 0
166 7.55 -21.21 5.0 18.0 306 461 31 1 1 0 0 1 0 1 0 0 0
167 3.949 7.3 22.0 23.0 344 474 64 0 0 1 0 0 1 0 0 0 0
168 -15.118 92.023 9.0 22.0 429 583 79 1 1 0 0 0 0 0 0 1 0
169 84.821 -24.518 23.0 20.0 182 278 71 1 0 0 0 0 0 0 0 0 0
170 -52.325 30.682 15.0 11.0 61 152 52 0 0 0 0 0 0 0 0 0 1
171 7.538 13.818 15.0 11.0 148 302 36 0 0 1 0 0 0 0 0 0 0
172 -21.484 30.359 11.0 19.0 380 543 87 0 0 0 0 0 0 0 1 0 0
173 36.047 29.883 20.0 13.0 349 462 93 0 0 1 0 0 0 0 0 1 0
174 12.781 -40.942 10.0 24.0 403 497 12 0 1 0 0 0 0 0 0 0 0
175 -17.291 -10.254 24.0 6.0 70 234 96 1 0 0 1 1 0 0 1 0 1
176 -10.541 12.402 10.0 5.0 146 274 74 0 0 0 0 1 0 0 1 0 0
177 -15.845 -59.46 6.0 24.0 106 231 32 0 0 0 1 0 1 0 0 0 0
178 29.266 -2.222 22.0 7.0 205 325 26 0 0 0 0 1 0 0 1 0 0
179 -12.598 -58.929 25.0 13.0 476 639 2 0 0 1 0 1 0 0 0 0 1
180 -17.303 -35.297 11.0 25.0 254 364 27 0 0 0 0 0 1 0 0 0 0
181 57.05 -50.354 6.0 15.0 123 275 26 0 0 0 0 1 0 0 1 0 0
182 26.941 17.444 9.0 15.0 447 588 21 1 1 0 0 0 0 0 1 0 0
183 -6.195 -8.881 6.0 16.0 382 555 6 0 0 0 0 0 0 1 0 0 0
184 16.98 -16.321 12.0 5.0 240 418 84 1 1 0 0 0 1 0 0 0 0
185 83.71 -32.52 4.0 15.0 318 436 33 1 0 1 0 0 0 0 0 0 0
186 12.451 34.589 24.0 24.0 308 448 85 0 1 0 0 0 0 0 0 1 0
187 15.057 67.004 18.0 15.0 423 597 39 0 0 0 0 0 0 0 1 0 0
188 25.818 -5.835 3.0 9.0 382 487 32 0 1 0 0 0 0 0 0 0 0
189 13.666 -14.832 18.0 19.0 272 442 57 1 0 0 0 0 1 0 1 0 1
190 48.322 -5.164 17.0 15.0 359 496 10 0 0 0 0 0 1 0 0 0 0
191 13.489 19.739 23.0 2.0 299 473 93 0 0 0 0 1 1 0 1 1 0
192 -18.512 65.405 10.0 3.0 463 640 30 0 0 0 0 0 0 0 1 0 1
193 17.554 38.379 22.0 18.0 443 584 12 0 0 0 0 1 0 0 0 0 0
194 37.775 -16.003 5.0 20.0 238 394 97 1 1 0 0 0 0 0 0 0 0
195 47.968 -30.31 16.0 14.0 381 510 42 0 0 0 0 1 0 0 0 1 0
196 38.806 36.243 10.0 10.0 142 284 37 0 0 0 0 1 0 1 0 0 0
197 -16.089 -42.841 10.0 6.0 373 483 57 1 0 0 1 0 0 0 0 1 0
198 28.656 -1.99 9.0 17.0 469 611 35 0 0 0 0 0 1 0 0 0 1
199 -5.859 -1.862 5.0 20.0 313 489 30 0 0 0 0 0 1 0 0 0 0
200 60.516 63.416 9.0 3.0 123 301 98 0 0 0 0 0 1 0 0 1 0
201 63.196 -47.766 12.0 14.0 209 320 34 0 0 1 1 0 0 0 1 0 1
202 -15.308 -23.285 16.0 12.0 456 632 57 0 0 0 0 1 0 1 0 0 1
203 -2.875 0.787 8.0 2.0 91 256 20 0 0 1 0 0 0 0 0 0 0
204 32.056 -10.175 1.0 11.0 329 421 71 0 0 1 1 0 0 1 0 1 0
205 -18.634 -25.665 1.0 16.0 75 213 36 0 1 0 0 0 0 0 0 0 1
206 -3.632 25.433 18.0 18.0 198 298 30 0 0 0 0 1 0 0 0 0 0
207 10.48 22.888 22.0 14.0 242 379 10 0 0 0 0 0 1 0 0 0 0
208 1.819 -3.009 20.0 6.0 124 298 33 0 0 0 1 0 1 0 0 0 1
209 -25.275 -12.183 4.0 12.0 225 322 13 0 0 0 0 0 0 0 0 0 1
210 56.927 -75.507 15.0 21.0 277 435 77 1 0 0 1 0 0 0 0 0 0
211 13.885 -36.23 7.0 1.0 273 382 76 0 0 0 1 0 0 0 0 0 0
212 32.52 -29.523 25.0 18.0 162 263 8 0 0 0 0 0 1 0 0 0 1
213 4.803 -7.288 3.0 17.0 307 453 22 1 0 0 0 1 0 0 0 0 0
214 11.365 -8.344 22.0 15.0 108 257 51 0 0 1 0 0 0 0 0 1 0
215 17.126 -24.646 5.0 4.0 431 598 78 0 0 0 0 0 1 0 0 0 0
216 -33.661 -41.241 1.0 18.0 401 534 11 1 0 0 1 0 0 0 1 1 0
217 -32.391 -50.885 9.0 22.0 254 431 31 0 0 1 0 1 0 1 0 0 0
218 23.041 -14.496 16.0 16.0 342 477 37 0 0 0 1 0 1 0 0 1 0
219 -21.857 -39.502 23.0 14.0 468 609 77 0 1 0 1 0 0 1 0 0 0
220 32.013 77.332 5.0 25.0 171 344 47 1 0 0 0 0 1 0 1 0 1
221 13.831 -76.19 5.0 15.0 282 419 52 1 0 0 0 0 0 1 0 0 0
222 -8.051 -21.179 6.0 6.0 170 282 87 0 0 0 0 0 1 0 0 0 0
223 25.391 46.613 16.0 7.0 448 567 16 1 0 0 0 0 0 1 0 0 1
224 49.536 -54.639 25.0 21.0 283 407 18 0 1 0 0 0 0 0 0 0 0
225 63.416 -8.636 1.0 3.0 418 529 82 1 0 0 0 0 0 0 0 0 0
226 2.301 -5.536 25.0 15.0 464 621 88 0 1 0 0 0 0 1 1 0 0
227 52.423 29.895 17.0 24.0 251 359 72 0 0 0 0 0 1 0 0 0 0
228 9.296 -16.254 11.0 2.0 468 577 16 0 0 0 0 0 1 0 0 0 0
229 34.845 -96.185 24.0 17.0 390 563 76 1 1 1 0 0 1 0 0 0 0
230 -21.063 -41.498 10.0 2.0 132 295 29 1 0 0 0 0 0 0 0 1 0
231 28.448 10.242 12.0 25.0 282 442 45 0 0 1 0 1 0 0 1 0 1
232 16.254 -22.583 17.0 15.0 123 290 86 1 0 0 0 0 0 0 0 1 0
233 -36.639 -34.033 18.0 3.0 310 401 48 0 0 0 0 0 1 1 0 0 0
234 -27.356 -50.177 5.0 1.0 416 561 97 0 1 0 0 0 0 0 0 0 0
235 -53.705 11.334 16.0 1.0 438 538 40 0 0 0 0 1 0 1 0 0 0
236 26.276 -5.994 9.0 20.0 268 447 36 0 0 0 1 0 0 0 0 1 0
237 -31.519 34.589 6.0 19.0 461 600 1 0 1 1 0 1 0 0 0 0 0
238 -14.612 -31.506 1.0 2.0 305 440 67 0 0 0 0 0 0 0 0 1 0
239 -4.242 -30.865 4.0 9.0 298 471 3 0 0 0 0 0 0 1 1 0 1
240 -18.524 -29.486 20.0 4.0 404 582 62 0 0 0 1 0 0 0 0 0 1
241 -17.133 -19.397 19.0 16.0 194 345 82 1 0 1 0 1 0 0 0 0 1