3 96 2205
16 10 12 10 12 9 9 6 11 20
4 2 4
1 8 6 1
6 7
1 9 9 7
0 30.219 24.786 0.0 0.0 0 1000
2 33.588 30.75 12.0 4.0 389 536 46 0 0 1 0 0 0 1 0 0 0
3 48.828 65.314 1.0 12.0 444 558 2 0 0 0 0 0 1 0 0 0 0
4 86.176 59.344 1.0 3.0 275 412 20 0 0 0 0 0 1 0 0 0 0
5 39.27 -33.057 15.0 15.0 367 524 19 0 0 0 0 0 1 0 0 0 0
6 -23.37 86.853 10.0 13.0 413 589 19 1 0 0 0 0 1 1 0 1 0
7 48.132 95.593 12.0 20.0 66 173 83 0 0 0 0 0 0 1 1 0 0
8 -16.357 93.311 15.0 21.0 232 357 50 0 0 0 0 0 0 1 0 0 0
9 -57.703 -65.601 16.0 4.0 473 601 34 0 0 0 1 0 0 0 0 1 0
10 7.147 32.684 18.0 25.0 351 506 1 0 0 0 0 0 0 1 0 0 1
11 42.95 68.701 9.0 21.0 302 448 35 0 0 0 0 0 1 0 0 0 0
12 37.085 -2.112 5.0 7.0 411 574 83 0 1 1 1 0 0 0 0 0 0
13 77.759 55.817 19.0 3.0 146 279 65 0 0 0 1 0 0 0 0 0 0
14 -17.462 -56.567 11.0 9.0 214 306 78 1 0 0 0 1 1 0 0 0 1
15 58.575 59.888 12.0 5.0 128 234 23 0 0 0 0 1 0 0 0 1 1
16 57.776 15.344 13.0 20.0 158 263 28 0 1 0 1 0 0 1 0 0 0
17 -22.327 36.072 8.0 21.0 447 573 84 1 0 0 0 0 1 0 0 0 1
18 -7.08 30.493 14.0 19.0 134 239 75 0 0 0 1 0 0 0 0 0 0
19 55.658 60.425 9.0 2.0 81 211 23 1 0 0 0 0 0 0 1 0 0
20 -14.307 11.456 2.0 16.0 418 575 96 0 0 0 0 0 1 0 0 0 0
21 -29.724 24.268 25.0 18.0 455 586 97 0 1 0 0 1 0 1 0 0 0
22 43.219 0.739 6.0 24.0 369 517 0 0 0 0 0 0 1 0 0 0 0
23 45.184 35.474 16.0 24.0 99 190 11 0 0 0 0 0 1 0 0 0 1
24 64.484 2.24 18.0 8.0 150 277 95 0 0 0 0 1 0 0 0 0 0
25 55.078 72.241 4.0 16.0 126 298 74 1 0 0 0 1 1 0 0 1 0
26 16.925 15.741 17.0 19.0 429 564 13 1 1 0 1 0 0 0 0 0 0
27 45.038 -3.723 4.0 12.0 254 408 75 1 0 0 0 1 0 0 0 0 0
28 -76.782 5.939 22.0 9.0 255 400 95 0 0 0 0 0 0 0 1 0 0
29 36.169 0.256 12.0 3.0 161 292 78 0 0 0 0 0 1 0 0 0 0
30 29.218 8.936 13.0 15.0 236 329 52 0 1 1 0 0 0 0 0 0 0
31 65.057 5.225 5.0 4.0 176 300 19 1 0 0 0 0 0 0 0 0 1
32 42.175 -22.284 24.0 24.0 298 465 82 0 0 1 0 1 0 0 0 1 1
33 25.574 31.726 12.0 22.0 142 243 82 0 0 0 0 0 0 0 0 0 1
34 31.561 37.262 16.0 14.0 404 577 48 1 1 0 0 0 0 0 0 0 0
35 66.498 -54.169 8.0 11.0 101 273 10 0 1 0 0 0 1 0 0 0 1
36 46.576 -17.938 10.0 20.0 236 365 95 0 0 0 0 0 1 0 0 0 0
37 65.063 40.875 15.0 5.0 391 533 90 1 0 1 1 0 0 0 0 1 0
38 -2.716 24.768 21.0 11.0 354 510 13 0 1 1 0 0 0 0 0 0 0
39 -40.002 3.87 5.0 12.0 183 335 97 0 0 0 0 0 1 0 0 0 0
40 -73.505 57.043 9.0 7.0 392 541 4 0 1 1 0 1 0 1 0 0 1
41 81.146 -25.714 5.0 1.0 425 580 72 0 0 0 0 1 1 0 0 0 1
42 12.006 -7.965 9.0 23.0 170 323 35 0 0 0 0 0 0 1 0 1 1
43 42.761 38.092 20.0 13.0 182 313 12 0 0 0 0 1 1 0 0 1 1
44 3.857 -23.181 14.0 4.0 136 257 5 0 0 0 0 0 0 1 0 0 0
45 -7.367 24.39 24.0 23.0 287 440 53 0 0 0 0 0 0 0 0 1 0
46 35.944 -11.835 23.0 17.0 289 381 78 1 0 0 1 1 0 1 0 0 1
47 52.075 9.692 12.0 13.0 354 483 2 0 0 0 0 1 1 0 0 0 0
48 30.725 30.701 13.0 9.0 284 445 24 0 0 0 0 0 1 0 0 0 0
49 41.223 77.924 19.0 10.0 153 273 79 0 0 0 0 0 0 1 0 0 0
50 68.884 -40.546 21.0 22.0 310 441 35 0 0 0 0 0 1 0 0 0 0
51 76.312 86.67 5.0 21.0 186 277 60 0 0 0 0 0 1 0 1 0 0
52 63.934 78.54 9.0 13.0 400 492 0 0 0 0 0 0 0 0 0 1 0
53 29.15 -9.961 23.0 25.0 305 469 40 0 1 1 0 0 0 0 1 0 1
54 85.522 39.954 8.0 8.0 263 378 40 0 1 0 0 0 0 0 0 0 0
55 31.775 3.87 5.0 20.0 446 587 8 1 0 0 0 0 0 0 0 0 1
56 -20.544 19.086 8.0 3.0 260 392 78 0 0 0 0 0 1 0 0 0 0
57 55.353 43.817 10.0 4.0 211 382 2 1 0 0 1 1 0 0 1 1 1
58 35.406 10.278 9.0 13.0 148 297 1 0 0 0 0 0 0 0 1 0 0
59 25.464 -0.287 21.0 18.0 133 303 39 0 1 0 1 0 0 0 0 0 0
60 12.396 0.244 12.0 1.0 407 497 94 0 0 0 1 0 0 0 0 0 1
61 18.359 20.917 8.0 10.0 70 195 75 0 1 1 1 0 0 0 0 0 0
62 27.96 -15.039 4.0 16.0 262 384 63 0 0 0 0 1 0 0 0 0 0
63 -3.192 19.879 14.0 9.0 101 267 28 0 0 1 0 0 0 0 0 0 0
64 9.332 -41.351 19.0 13.0 147 273 79 1 0 0 1 1 0 0 0 0 0
65 -20.581 38.177 23.0 23.0 207 300 4 0 1 0 0 0 0 0 0 0 0
66 27.82 28.729 4.0 14.0 212 382 19 0 0 1 0 0 0 0 1 0 1
67 59.027 42.31 9.0 5.0 325 454 87 0 1 1 0 1 0 0 1 0 1
68 56.311 58.734 1.0 1.0 101 198 41 0 0 0 0 1 0 1 0 0 0
69 -51.654 -0.342 21.0 6.0 418 577 21 0 0 0 0 0 1 0 0 0 0
70 2.576 32.721 20.0 20.0 400 575 4 1 0 0 0 0 0 0 0 0 0
71 15.131 -3.046 24.0 10.0 477 591 19 0 0 1 0 0 1 0 0 1 0
72 66.595 34.937 22.0 19.0 96 212 43 0 0 0 0 1 0 0 0 0 0
73 19.476 20.142 25.0 24.0 95 220 29 0 0 0 0 0 0 1 0 0 0
74 -1.172 20.648 19.0 3.0 86 203 23 0 0 0 0 0 1 0 0 0 0
75 -21.204 13.66 14.0 5.0 453 577 17 1 0 0 0 0 0 0 0 0 1
76 98.846 1.257 11.0 13.0 355 506 19 0 0 0 0 0 0 0 0 1 0
77 82.593 72.003 22.0 5.0 407 544 21 0 0 1 0 0 0 0 0 0 0
78 30.017 -30.896 25.0 4.0 451 629 63 0 0 1 1 0 0 0 0 1 0
79 33.228 41.663 5.0 12.0 417 544 15 1 0 0 0 0 1 0 0 0 0
80 39.49 -8.539 10.0 11.0 116 220 98 0 0 0 1 0 0 0 0 1 0
81 54.498 70.813 4.0 20.0 123 218 50 0 0 0 0 0 1 0 0 0 1
82 3.058 10.248 4.0 13.0 455 630 41 0 0 0 0 1 0 1 0 0 1
83 51.831 -16.87 6.0 1.0 385 495 16 0 1 0 0 0 1 1 0 0 0
84 76.416 11.346 22.0 3.0 402 513 26 0 0 1 0 0 0 0 0 0 0
85 5.243 0.238 17.0 2.0 203 369 17 0 0 0 1 0 0 0 0 0 0
86 50.592 34.247 22.0 23.0 213 392 23 0 0 0 1 1 0 0 0 0 0
87 -5.231 -2.081 3.0 8.0 169 331 64 0 0 0 0 0 1 0 0 0 0
88 24.194 25.836 25.0 25.0 436 588 6 1 0 0 1 0 0 0 0 1 1
89 33.63 37.585 22.0 18.0 361 534 2 1 0 0 0 0 0 0 0 0 1
90 31.445 -7.001 23.0 4.0 113 217 29 0 0 0 0 0 0 0 0 1 0
91 30.707 -28.168 16.0 5.0 112 258 96 0 0 0 0 0 1 0 0 0 0
92 49.86 1.038 13.0 21.0 302 443 12 1 0 1 0 0 0 0 0 1 1
93 -35.767 14.142 23.0 23.0 187 361 0 0 0 0 0 0 0 0 0 0 1
94 -29.309 4.889 1.0 19.0 299 430 1 1 0 0 1 0 0 0 0 0 0
95 19.049 41.974 11.0 2.0 85 203 77 0 0 0 1 0 1 0 0 0 0
96 27.6 13.934 19.0 21.0 196 345 22 1 0 0 0 0 0 0 0 0 0
97 52.832 50.684 21.0 10.0 229 325 40 0 0 0 0 0 0 0 0 0 1