1 144 1068
6 6 8 3 7 7 6 4 4 7
1
4
0 -12.167 -0.086 0.0 0.0 0 1000
2 -40.289 -42.303 6.0 20.0 399 560 8 1 0 1 0 0 1 0 1 0 0
3 -64.709 -17.389 3.0 10.0 463 571 67 0 0 0 0 0 0 0 0 1 0
4 5.06 -14.349 23.0 8.0 391 505 24 0 0 0 1 0 0 0 0 0 0
5 72.095 20.233 1.0 6.0 262 437 59 0 1 0 0 0 0 0 0 0 0
6 2.594 -15.002 18.0 1.0 102 223 87 0 0 0 1 0 0 0 0 0 0
7 -24.176 -72.894 8.0 19.0 330 475 15 0 0 1 0 0 0 0 0 0 0
8 -13.19 66.498 2.0 13.0 248 416 54 1 0 0 0 0 0 0 0 0 0
9 33.191 13.69 9.0 24.0 333 468 19 1 1 0 0 0 0 0 0 0 0
10 66.827 -30.554 1.0 15.0 274 379 25 0 0 0 0 1 0 0 1 0 0
11 19.934 35.883 20.0 13.0 379 472 99 1 0 0 1 0 0 0 0 0 0
12 -27.771 32.269 23.0 10.0 214 340 76 0 0 0 1 0 0 1 0 0 0
13 51.154 -16.827 22.0 4.0 232 323 10 1 0 0 0 0 0 0 0 0 0
14 -19.214 23.749 24.0 12.0 401 507 72 0 0 0 1 0 1 0 0 1 0
15 -46.643 -52.954 21.0 21.0 213 380 29 0 0 1 0 0 0 1 0 0 0
16 -10.59 -16.626 18.0 2.0 366 518 10 0 0 0 1 0 0 0 0 0 0
17 35.15 12.622 21.0 10.0 427 594 61 0 1 0 0 0 1 0 0 0 0
18 -37.378 12.256 7.0 20.0 166 284 13 0 0 1 0 1 0 0 1 0 0
19 82.794 25.836 4.0 9.0 184 292 3 0 1 0 0 0 0 0 0 1 0
20 8.936 -3.723 21.0 24.0 462 627 63 0 0 0 1 0 0 1 0 0 0
21 -56.659 25.555 13.0 19.0 118 245 85 1 0 0 1 0 0 0 0 0 1
22 -52.02 -40.137 18.0 13.0 388 514 5 0 0 1 0 0 0 1 1 0 0
23 39.27 12.787 4.0 14.0 72 209 55 0 0 0 0 0 0 1 1 0 0
24 19.757 21.228 3.0 17.0 432 542 75 0 0 0 0 0 0 1 0 0 0
25 -23.071 -12.659 12.0 25.0 288 401 92 0 1 1 0 1 1 0 0 1 1
26 15.686 52.374 5.0 1.0 142 258 75 0 0 1 0 0 0 0 0 1 0
27 58.771 -7.056 8.0 9.0 220 358 48 1 1 0 0 0 0 1 0 0 1
28 -33.087 72.266 14.0 12.0 406 577 92 0 0 0 1 0 0 0 0 0 0
29 2.551 46.851 10.0 22.0 414 578 17 0 0 0 0 0 1 0 0 0 1
30 -18.719 73.126 14.0 2.0 108 242 34 0 0 0 0 0 0 0 1 0 1
31 -67.627 -20.679 19.0 21.0 104 233 58 0 1 0 0 0 0 0 0 0 0
32 -76.862 -11.365 20.0 8.0 264 388 61 0 0 0 1 0 0 0 0 0 0
33 -24.194 -38.263 21.0 19.0 153 273 41 0 0 0 1 0 1 0 0 0 0
34 -20.374 -31.903 11.0 24.0 421 519 43 0 0 0 0 1 0 0 0 0 1
35 9.29 39.618 14.0 24.0 211 357 45 1 1 0 0 0 0 1 0 1 0
36 26.044 35.974 6.0 2.0 398 554 92 0 1 0 0 0 0 0 1 0 1
37 -57.385 -45.264 7.0 20.0 145 252 61 1 0 0 0 1 0 0 0 1 0
38 1.489 -62.592 3.0 20.0 147 245 71 1 0 1 1 0 0 1 0 0 0
39 34.937 13.672 22.0 5.0 74 231 25 0 0 1 0 0 0 0 0 0 0
40 -22.29 45.648 21.0 17.0 317 416 8 1 1 0 0 1 0 0 0 0 1
41 -5.92 44.061 12.0 4.0 235 387 78 0 0 0 0 0 1 0 0 0 0
42 -38.446 -23.541 1.0 21.0 479 576 7 0 0 0 0 1 1 0 0 0 0
43 28.894 33.936 11.0 3.0 472 570 74 1 0 0 0 0 0 0 0 1 0
44 -35.388 -5.341 12.0 16.0 141 287 35 0 0 0 0 1 0 0 0 0 0
45 -19.501 13.519 19.0 14.0 171 273 17 0 1 0 0 1 0 0 0 0 0
46 -9.216 -30.988 8.0 6.0 327 449 78 0 0 1 0 0 0 0 0 0 0
47 -22.131 -17.065 11.0 5.0 98 223 79 1 0 0 0 0 0 0 0 1 0
48 -22.827 36.81 18.0 12.0 366 515 81 0 0 0 1 0 0 0 1 1 0
49 -61.365 -18.463 6.0 23.0 244 360 45 0 0 0 0 1 0 0 0 0 0
50 50.128 -66.046 3.0 12.0 256 375 21 0 0 0 0 0 0 0 0 1 1
51 25.647 24.139 6.0 18.0 174 264 57 0 0 0 1 0 0 0 0 0 0
52 65.521 42.81 10.0 24.0 312 440 76 0 0 1 0 0 0 0 0 0 0
53 -60.956 -47.925 7.0 3.0 197 313 82 0 1 0 0 0 0 0 0 0 0
54 -9.07 42.798 17.0 3.0 66 187 55 0 0 0 0 1 0 0 0 0 0
55 -19.061 4.48 12.0 25.0 175 303 44 0 0 1 0 0 0 0 1 0 1
56 -54.071 -3.87 11.0 22.0 300 396 5 0 0 1 0 0 0 0 0 0 0
57 -25.598 -18.866 15.0 25.0 181 344 16 1 0 0 0 1 1 0 0 0 0
58 -18.707 84.296 6.0 15.0 106 282 79 0 0 0 0 0 0 0 1 0 0
59 -70.184 -39.166 13.0 18.0 235 348 37 0 1 0 0 0 0 0 0 0 0
60 -14.636 -0.446 3.0 8.0 416 591 17 0 0 0 1 0 0 0 0 0 0
61 -76.465 -38.922 23.0 20.0 399 554 45 0 1 0 0 0 0 0 0 0 0
62 44.092 12.433 24.0 18.0 430 555 2 0 0 1 0 1 1 0 0 0 0
63 -22.772 -50.867 22.0 5.0 132 260 39 0 0 1 0 0 0 0 0 0 0
64 19.104 44.672 11.0 25.0 65 198 25 0 0 0 0 0 1 0 0 0 0
65 -44.019 -39.935 24.0 16.0 280 373 24 0 0 0 0 0 0 0 0 0 1
66 -2.972 -4.059 8.0 14.0 323 465 26 0 0 0 0 0 1 0 0 0 0
67 -24.261 35.907 22.0 1.0 323 496 12 0 1 0 0 0 0 0 0 0 0
68 -61.877 -73.901 11.0 15.0 409 522 96 0 0 0 1 0 1 0 1 0 0
69 -5.64 -26.721 6.0 22.0 113 227 71 0 0 1 0 0 0 0 0 0 1
70 45.844 -36.835 10.0 6.0 297 427 44 0 0 0 0 1 0 0 0 0 1
71 -51.746 -79.84 10.0 24.0 411 575 59 0 0 0 1 1 0 0 0 1 0
72 -33.008 10.992 20.0 19.0 453 590 6 0 0 0 0 0 0 0 1 0 0
73 -25.653 -0.372 2.0 12.0 119 228 4 0 0 0 0 0 0 0 0 1 1
74 -21.497 61.487 18.0 13.0 249 395 11 0 1 0 0 0 0 1 0 1 0
75 2.032 26.727 8.0 10.0 67 218 64 0 0 0 1 0 0 0 0 0 0
76 -26.758 14.807 13.0 12.0 224 325 74 0 0 1 0 0 0 0 0 0 0
77 -37.256 -44.861 8.0 13.0 302 478 44 0 1 1 0 1 0 0 0 1 0
78 -0.861 -16.418 8.0 25.0 88 225 30 0 1 0 0 0 1 1 0 0 0
79 -51.16 34.967 18.0 12.0 338 458 79 0 1 1 1 0 0 0 0 0 0
80 -41.266 -76.886 17.0 2.0 109 262 86 0 1 1 0 0 0 0 0 0 0
81 -30.255 74.701 10.0 11.0 248 379 80 0 1 0 0 1 0 0 0 0 0
82 -46.368 -1.514 23.0 10.0 318 476 4 0 0 0 0 1 1 0 0 0 1
83 -71.619 73.077 3.0 9.0 263 362 59 0 0 0 0 0 0 0 0 0 1
84 -46.606 -39.948 25.0 21.0 145 268 99 0 0 1 0 0 0 0 1 1 0
85 -30.243 67.102 4.0 14.0 141 261 74 0 1 1 0 1 1 0 1 0 0
86 -40.997 -43.036 25.0 15.0 452 542 76 0 1 0 0 0 1 0 0 0 0
87 -74.286 -52.307 5.0 6.0 172 288 16 1 0 0 0 0 0 0 0 0 0
88 -17.609 -71.851 9.0 25.0 98 254 93 0 0 0 0 0 1 0 0 0 0
89 2.35 -81.805 18.0 14.0 452 552 52 0 0 0 0 0 0 0 1 0 0
90 -85.486 -54.059 16.0 17.0 331 437 35 1 0 0 0 1 0 1 0 1 0
91 23.822 10.571 16.0 8.0 302 402 28 0 1 0 0 0 0 0 0 0 0
92 -24.53 -31.726 22.0 4.0 327 439 8 0 0 0 0 0 0 1 0 0 0
93 -42.474 -15.009 2.0 17.0 329 495 76 0 1 1 1 1 0 1 0 0 0
94 -33.624 50.33 22.0 23.0 115 209 26 0 0 0 0 0 0 1 0 0 0
95 -81.458 -41.565 11.0 4.0 207 299 27 0 0 0 0 0 1 0 0 0 0
96 -73.505 -48.279 24.0 4.0 75 253 52 1 0 0 0 0 0 0 0 0 0
97 -3.052 70.898 17.0 9.0 124 221 45 0 0 0 0 1 0 0 0 1 0
98 0.946 25.458 12.0 9.0 236 335 69 0 0 0 0 1 0 0 0 0 0
99 -54.144 13.525 1.0 19.0 216 335 65 1 1 0 0 0 1 1 0 0 0
100 -30.634 7.526 23.0 12.0 329 490 15 0 0 0 1 0 0 0 0 0 0
101 -68.335 -34.277 4.0 25.0 93 204 89 1 0 0 1 0 0 0 0 0 1
102 7.178 57.935 15.0 8.0 446 622 30 1 0 1 1 1 0 0 0 0 0
103 4.712 48.669 15.0 13.0 308 420 49 1 0 0 0 0 1 0 0 0 0
104 58.087 26.379 12.0 3.0 329 489 17 0 0 0 0 1 0 0 1 0 1
105 18.347 34.784 21.0 6.0 307 423 56 1 0 1 0 0 0 0 0 0 0
106 -44.629 -61.975 21.0 11.0 81 174 72 0 0 1 0 0 0 0 0 0 1
107 5.231 26.068 15.0 24.0 209 334 13 1 0 0 1 0 1 0 0 0 1
108 -48.065 -36.755 21.0 16.0 319 430 67 0 0 0 0 1 0 0 0 0 1
109 -3.589 -27.734 19.0 21.0 78 251 16 0 0 0 1 0 1 1 0 0 0
110 9.808 36.896 11.0 25.0 367 509 80 1 0 0 0 0 1 0 0 0 1
111 59.46 1.233 3.0 10.0 268 399 61 0 0 0 1 0 0 0 0 1 1
112 -47.522 19.873 12.0 2.0 473 638 28 0 0 0 0 0 1 0 0 0 0
113 -48.431 -50.317 4.0 13.0 287 466 56 1 0 0 0 0 0 0 0 0 0
114 44.666 20.953 2.0 14.0 377 486 81 0 0 0 0 0 0 0 0 0 1
115 -19.226 32.77 9.0 19.0 181 312 65 1 0 0 0 1 0 0 0 0 0
116 -15.662 17.462 21.0 16.0 182 304 88 0 0 0 0 1 0 0 0 0 0
117 -91.669 77.722 17.0 23.0 191 312 16 1 0 0 0 0 0 0 0 0 1
118 -30.035 -78.284 22.0 13.0 76 223 88 1 0 0 0 0 1 1 0 0 0
119 73.663 32.941 24.0 24.0 184 296 74 1 0 1 0 0 0 0 1 0 0
120 22.4 -60.083 2.0 17.0 232 376 7 0 0 0 0 0 0 0 1 0 1
121 61.206 -13.501 25.0 8.0 478 581 10 0 0 0 1 0 0 0 0 1 0
122 22.131 -50.012 21.0 12.0 368 543 87 0 0 0 1 0 1 0 0 0 1
123 -6.317 56.665 11.0 6.0 96 227 48 1 0 0 0 0 0 0 0 0 0
124 -20.471 12.885 23.0 20.0 308 475 22 0 0 0 0 1 1 0 0 0 1
125 -61.084 -44.769 4.0 20.0 393 516 79 0 1 0 0 1 0 0 0 0 0
126 -9.576 -19.366 1.0 24.0 160 260 23 1 0 0 0 0 0 0 0 0 1
127 5.627 -88.501 15.0 10.0 403 559 67 0 1 0 0 0 0 0 0 0 1
128 -2.618 22.131 20.0 18.0 226 373 34 0 0 0 0 0 0 0 0 1 0
129 40.497 32.343 8.0 10.0 268 435 87 0 0 1 0 0 0 1 1 1 0
130 -3.296 36.774 4.0 15.0 80 171 57 1 1 0 1 0 0 0 0 0 0
131 -50.995 19.781 12.0 12.0 353 488 16 1 0 0 0 1 0 0 0 0 0
132 -70.52 -3.809 23.0 22.0 277 436 79 0 0 0 0 0 1 0 0 0 0
133 4.205 0.812 25.0 11.0 222 369 95 0 1 0 0 0 0 0 1 0 1
134 9.955 26.337 5.0 14.0 279 429 9 1 0 0 0 0 0 1 0 0 0
135 13.538 -21.313 15.0 9.0 204 376 52 0 0 0 1 0 0 0 0 0 0
136 -21.869 -18.768 2.0 6.0 245 423 15 0 0 0 0 0 0 1 1 0 0
137 -37.158 -30.768 22.0 23.0 68 218 95 0 0 0 1 0 0 0 0 0 0
138 -86.975 10.345 16.0 8.0 264 356 59 0 0 1 1 0 0 1 1 0 0
139 -47.272 -46.326 23.0 22.0 469 587 84 1 0 0 0 0 0 0 0 0 0
140 4.095 -19.354 13.0 7.0 70 228 92 0 1 0 0 0 0 0 0 0 1
141 4.205 30.292 7.0 15.0 425 600 2 0 1 0 0 1 0 0 0 0 0
142 -42.017 53.986 20.0 22.0 374 550 16 0 0 0 0 0 0 1 0 0 0
143 35.095 -10.895 25.0 7.0 274 367 20 0 1 0 1 0 0 0 0 0 0
144 61.188 -59.875 12.0 14.0 448 589 7 0 0 1 0 0 1 0 0 0 1
145 -34.674 -1.337 9.0 21.0 421 599 42 0 0 0 0 0 1 0 0 0 0