2 48 1552
7 10 5 6 3 5 5 10 4 6
4 3
2 3 4 7
7 4 2
0 -10.442 19.999 0.0 0.0 0 1000
2 -29.73 64.136 2.0 12.0 354 509 46 0 0 0 1 0 0 0 1 0 0
3 -30.664 5.463 7.0 8.0 234 401 44 0 0 1 0 0 0 1 0 0 0
4 51.642 5.469 21.0 16.0 411 573 72 1 0 1 0 0 1 0 1 0 1
5 -13.171 69.336 24.0 5.0 474 622 65 0 1 1 0 1 1 1 0 0 1
6 -67.413 68.323 1.0 12.0 155 295 35 0 1 0 0 0 0 0 0 0 0
7 48.907 6.274 17.0 5.0 361 509 82 0 0 1 0 0 1 0 1 0 0
8 5.243 22.26 6.0 13.0 451 629 27 0 0 0 0 0 0 1 0 0 0
9 -65.002 77.234 5.0 20.0 425 588 22 0 0 1 0 0 1 0 0 0 0
10 -4.175 -1.569 7.0 13.0 72 199 53 0 1 0 1 0 1 0 1 0 0
11 23.029 11.639 1.0 18.0 157 318 50 0 0 0 1 0 0 0 0 0 0
12 25.482 6.287 4.0 7.0 296 444 63 1 1 0 1 0 1 0 0 1 0
13 -42.615 -26.392 10.0 6.0 111 249 60 0 1 0 0 0 0 0 1 0 1
14 -76.672 99.341 2.0 9.0 368 528 11 0 0 1 0 0 0 0 0 0 0
15 -20.673 57.892 16.0 9.0 98 251 93 1 0 1 1 1 0 1 0 0 1
16 -52.039 6.567 23.0 4.0 96 208 57 1 1 0 1 0 0 0 0 0 0
17 -41.376 50.824 18.0 25.0 382 535 36 1 0 0 0 0 0 0 1 0 0
18 -91.943 27.588 3.0 5.0 436 580 42 0 0 0 0 0 0 0 0 0 1
19 -65.118 30.212 15.0 17.0 405 528 88 0 0 0 0 0 1 0 0 0 0
20 18.597 96.716 13.0 3.0 255 414 55 0 0 0 0 0 0 1 0 0 0
21 -40.942 83.209 10.0 16.0 293 470 27 0 0 0 0 0 1 0 0 0 0
22 -37.756 -33.325 4.0 25.0 298 408 81 1 0 0 0 1 0 0 1 0 0
23 23.767 29.083 23.0 21.0 479 607 40 1 1 0 0 0 0 0 0 0 0
24 -43.03 20.453 20.0 14.0 376 536 44 0 0 0 0 0 0 0 0 1 0
25 -35.297 -24.896 10.0 19.0 91 238 83 0 0 0 0 1 0 0 0 0 0
26 -54.755 14.368 4.0 14.0 360 505 11 1 1 0 0 0 0 1 0 0 0
27 -49.329 33.374 2.0 6.0 379 528 40 1 0 0 1 0 0 0 0 1 0
28 57.404 23.822 23.0 16.0 258 428 27 0 1 1 0 0 0 0 0 1 0
29 -22.754 55.408 6.0 9.0 352 509 51 0 1 1 0 0 0 0 0 0 1
30 -56.622 73.34 8.0 20.0 288 380 3 0 0 0 0 0 0 0 0 1 0
31 -38.562 -3.705 10.0 13.0 159 324 61 0 0 0 0 0 0 0 1 0 0
32 -16.779 19.537 7.0 10.0 423 564 23 1 0 0 0 0 0 0 0 0 0
33 -11.56 11.615 1.0 16.0 238 387 63 1 1 1 1 0 0 0 1 0 0
34 -46.545 97.974 21.0 19.0 339 429 53 0 0 0 0 1 1 0 0 1 0
35 16.229 9.32 6.0 22.0 397 572 47 0 0 0 0 0 0 0 0 0 1
36 1.294 7.349 4.0 14.0 479 599 51 0 0 0 0 0 0 1 0 0 1
37 -26.404 29.529 13.0 10.0 315 492 83 0 0 1 0 1 0 0 0 0 0
38 4.352 14.685 9.0 11.0 132 290 57 0 1 0 0 0 0 0 1 0 0
39 -50.665 -23.126 22.0 15.0 161 326 63 0 0 0 0 0 0 0 1 0 0
40 -22.833 -9.814 22.0 13.0 387 508 23 0 0 0 0 0 0 0 0 1 0
41 -71.1 -18.616 18.0 15.0 284 446 38 0 0 1 0 0 0 0 0 0 0
42 -7.849 32.074 10.0 8.0 296 471 0 1 1 0 0 1 0 1 1 0 1
43 11.877 -24.933 25.0 22.0 381 482 21 0 0 1 0 0 0 0 0 0 1
44 -18.927 -23.73 23.0 24.0 401 522 91 0 0 0 0 0 0 0 1 0 0
45 -11.92 11.755 4.0 3.0 432 564 87 0 0 0 0 0 0 1 0 0 0
46 29.84 11.633 9.0 25.0 289 450 23 0 0 0 0 0 0 0 1 0 0
47 12.268 -55.811 17.0 19.0 451 597 85 1 0 1 0 0 0 1 0 0 0
48 -37.933 -21.613 10.0 21.0 123 302 94 0 0 0 0 0 0 0 0 0 1
49 42.883 -2.966 17.0 10.0 98 233 33 0 0 0 0 0 0 0 1 0 0