2 16 92
3 4 2 1 3 2 4 2 1 2
4 3
3 2 4 8
1 5 9
0 4.536 11.367 0 0 20 360
2 34.146 16.791 15 45 0 500 12 0 0 0 0 0 0 0 0 1 0
3 12.592 18.338 10 35 100 500 7 1 0 0 0 0 0 1 0 0 0
4 30.316 43.610 20 40 50 350 10 0 0 1 0 0 0 0 0 1 1
5 15.294 28.486 10 30 0 420 8 0 0 0 0 1 0 0 0 0 0
6 33.271 5.572 15 25 200 500 12 0 1 0 0 0 0 0 1 0 0
7 18.250 15.378 15 35 100 400 12 0 1 0 0 0 0 0 0 0 0
8 17.474 49.128 10 40 50 350 10 1 0 0 0 0 0 0 0 0 0
9 8.478 19.485 15 45 0 500 15 0 0 1 0 0 0 0 0 0 0
10 36.368 12.752 10 45 0 500 10 0 0 0 1 0 0 0 0 0 0
11 2.987 24.181 15 40 0 500 8 0 0 1 0 0 0 0 0 0 0
12 42.164 14.716 10 50 0 450 10 0 0 0 0 0 0 0 0 1 0
13 17.114 19.324 15 40 0 500 8 0 0 0 0 0 0 0 0 1 0
14 40.395 26.429 10 45 0 450 10 0 0 0 0 0 0 0 0 1 0
15 40.889 48.819 15 35 200 500 8 0 0 0 0 0 0 0 0 1 0
16 25.790 17.802 10 35 100 450 10 0 0 0 0 0 0 1 0 0 0